1
125
287
288
289
290
291
292
294
295
296
297
298
299
300
301
302
303
304
305
306
307
308
309
312
313
314
315
316
317
318
319
320
321
322
324
325
326
327
328
329
330
331
332
333
334
335
336
337
338
339
340
341
342
346
349
351
352
353
354
355
356
357
358
361
362
365
369
370
371
400
401
403
404
407
408
467
468
469
470
471
472
473
518
519
545
549
550
551
567
568
569
579
580
581
582
583
584
597
769
616
617
619
620
621
640
651
667
668
671
672
673
675
689
690
696
707
708
709
717
732
735
736
737
738
739
741
