79
42
103.521309 147.777832 79.437820 1.000000 0.897051 0.897051
103.638847 148.377960 80.228867 1.000000 0.829736 0.829736
103.764740 148.987854 81.011253 1.000000 0.795897 0.795897
103.891052 149.599106 81.792526 1.000000 0.792264 0.792264
104.077690 150.170975 82.591354 1.000000 0.805172 0.805172
104.308578 150.707458 83.401016 1.000000 0.814940 0.814940
104.605682 151.149261 84.245132 1.000000 0.829995 0.829995
104.884789 151.432846 85.155914 1.000000 0.854905 0.854905
105.056610 151.489502 86.127800 1.000000 0.840116 0.840116
105.135109 151.350479 87.110085 1.000000 0.819159 0.819159
105.168556 151.061356 88.063309 1.000000 0.832228 0.832228
105.208328 150.598465 88.940109 1.000000 0.862186 0.862186
105.341240 149.915482 89.632240 1.000000 0.852227 0.852227
105.635925 149.097870 90.107933 1.000000 0.789496 0.789496
106.082726 148.279953 90.461090 1.000000 0.732460 0.732460
106.632423 147.519302 90.802521 1.000000 0.743428 0.743428
107.223404 146.809113 91.184044 1.000000 0.806987 0.806987
107.829376 146.119095 91.579605 1.000000 0.856402 0.856402
108.477516 145.442368 91.924637 1.000000 0.877419 0.877419
109.168968 144.781677 92.216255 1.000000 0.884378 0.884378
109.793724 144.054459 92.480827 1.000000 0.879412 0.879412
110.273911 143.203979 92.655365 1.000000 0.834567 0.834567
110.640137 142.278275 92.724419 1.000000 0.795972 0.795972
110.925446 141.321579 92.762482 1.000000 0.788632 0.788632
111.151176 140.351425 92.843262 1.000000 0.786162 0.786162
111.369789 139.384674 92.974052 1.000000 0.785696 0.785696
111.598106 138.421844 93.118240 1.000000 0.791475 0.791475
111.774109 137.447495 93.248650 1.000000 0.803125 0.803125
111.828896 136.458374 93.365280 1.000000 0.811284 0.811284
111.775627 135.466705 93.476974 1.000000 0.820972 0.820972
111.721664 134.474823 93.586388 1.000000 0.835407 0.835407
111.784477 133.484177 93.673737 1.000000 0.830977 0.830977
111.972488 132.504272 93.702423 1.000000 0.804246 0.804246
112.233658 131.541550 93.651955 1.000000 0.791578 0.791578
112.551704 130.600235 93.544525 1.000000 0.784955 0.784955
112.923843 129.677643 93.450691 1.000000 0.781368 0.781368
113.325508 128.764709 93.457878 1.000000 0.785471 0.785471
113.718964 127.862671 93.614876 1.000000 0.804125 0.804125
114.060745 126.980743 93.927292 1.000000 0.823959 0.823959
114.320045 126.120163 94.360252 1.000000 0.832321 0.832321
114.515671 125.263878 94.837875 1.000000 0.845042 0.845042
114.695633 124.399452 95.307220 1.000000 0.874921 0.874921
18
103.789398 149.695572 91.220116 1.000000 0.887398 0.887398
104.215889 148.831329 90.973930 1.000000 0.825258 0.825258
104.769104 148.000076 90.919525 1.000000 0.731913 0.731913
105.370468 147.204468 90.904839 1.000000 0.675568 0.675568
106.043297 146.470901 90.981331 1.000000 0.687739 0.687739
106.753441 145.778839 91.109306 1.000000 0.744387 0.744387
107.488190 145.110687 91.222717 1.000000 0.796676 0.796676
108.265839 144.489410 91.309639 1.000000 0.821045 0.821045
109.077454 143.915878 91.418144 1.000000 0.839627 0.839627
109.835953 143.282333 91.541084 1.000000 0.862442 0.862442
110.464615 142.515503 91.602264 1.000000 0.865073 0.865073
111.003227 141.674469 91.587090 1.000000 0.877910 0.877910
111.500534 140.807831 91.580315 1.000000 0.884180 0.884180
111.963539 139.925720 91.655937 1.000000 0.866141 0.866141
112.389153 139.029343 91.777344 1.000000 0.859056 0.859056
112.715973 138.095245 91.896965 1.000000 0.857621 0.857621
112.889282 137.120636 92.011993 1.000000 0.861628 0.861628
112.922050 136.129852 92.128304 1.000000 0.886708 0.886708
38
112.913620 126.016083 95.638855 1.000000 0.872540 0.872540
112.602776 126.940811 95.433815 1.000000 0.831543 0.831543
112.223923 127.860275 95.354393 1.000000 0.785208 0.785208
111.815117 128.772278 95.367752 1.000000 0.759705 0.759705
111.419243 129.688217 95.429008 1.000000 0.754468 0.754468
111.055626 130.615097 95.519768 1.000000 0.767781 0.767781
110.688568 131.540665 95.608917 1.000000 0.810018 0.810018
110.262886 132.441345 95.611794 1.000000 0.847078 0.847078
109.824242 133.326706 95.474808 1.000000 0.855777 0.855777
109.486679 134.239197 95.258659 1.000000 0.849447 0.849447
109.232941 135.176804 95.021149 1.000000 0.838969 0.838969
108.966354 136.112183 94.790543 1.000000 0.821999 0.821999
108.674225 137.046295 94.586037 1.000000 0.789213 0.789213
108.397774 137.992584 94.421310 1.000000 0.763280 0.763280
108.151993 138.954315 94.303810 1.000000 0.752306 0.752306
107.939087 139.927444 94.218880 1.000000 0.753985 0.753985
107.768723 140.909271 94.139191 1.000000 0.759754 0.759754
107.652382 141.897659 94.046059 1.000000 0.778847 0.778847
107.557381 142.888214 93.947411 1.000000 0.820317 0.820317
107.391747 143.868011 93.850967 1.000000 0.849713 0.849713
107.098221 144.812180 93.720322 1.000000 0.842402 0.842402
106.693321 145.701645 93.518265 1.000000 0.800233 0.800233
106.218071 146.548660 93.281593 1.000000 0.725666 0.725666
105.732315 147.397614 93.075951 1.000000 0.653839 0.653839
105.305420 148.285294 92.911263 1.000000 0.627935 0.627935
105.042183 149.237244 92.754776 1.000000 0.647635 0.647635
104.840439 150.204803 92.617935 1.000000 0.689769 0.689769
104.765671 151.195816 92.543144 1.000000 0.760125 0.760125
104.839653 152.187195 92.577721 1.000000 0.827608 0.827608
105.104546 153.137634 92.697556 1.000000 0.861148 0.861148
105.580200 154.001709 92.808441 1.000000 0.831619 0.831619
106.225273 154.756577 92.885262 1.000000 0.782771 0.782771
106.983612 155.403107 92.925919 1.000000 0.793791 0.793791
107.794060 155.974884 92.844582 1.000000 0.825680 0.825680
108.581375 156.522186 92.579628 1.000000 0.825420 0.825420
109.305084 157.076080 92.173523 1.000000 0.824299 0.824299
109.963120 157.647064 91.684875 1.000000 0.845310 0.845310
110.563087 158.229507 91.138054 1.000000 0.891311 0.891311
31
114.427391 123.107224 95.502098 1.000000 0.882387 0.882387
114.269058 124.012634 95.109329 1.000000 0.843869 0.843869
114.108704 124.926674 94.736855 1.000000 0.813704 0.813704
113.920982 125.830795 94.353638 1.000000 0.796459 0.796459
113.669327 126.728638 93.996933 1.000000 0.780972 0.780972
113.333504 127.630142 93.735313 1.000000 0.753825 0.753825
112.940369 128.537796 93.608124 1.000000 0.731523 0.731523
112.537399 129.451172 93.608849 1.000000 0.722817 0.722817
112.168816 130.376480 93.689934 1.000000 0.723256 0.723256
111.858711 131.322021 93.782639 1.000000 0.728262 0.728262
111.595261 132.284775 93.827660 1.000000 0.754299 0.754299
111.374214 133.258072 93.792458 1.000000 0.797219 0.797219
111.248573 134.240799 93.681931 1.000000 0.815871 0.815871
111.253487 135.227722 93.533752 1.000000 0.814412 0.814412
111.309059 136.215424 93.388336 1.000000 0.815049 0.815049
111.285561 137.203949 93.255486 1.000000 0.820575 0.820575
111.140175 138.182434 93.119736 1.000000 0.813122 0.813122
110.935890 139.150253 92.972984 1.000000 0.807583 0.807583
110.738815 140.120834 92.835907 1.000000 0.808124 0.808124
110.529175 141.093338 92.741875 1.000000 0.804635 0.804635
110.239441 142.047272 92.693802 1.000000 0.798765 0.798765
109.834091 142.956207 92.633820 1.000000 0.821439 0.821439
109.289177 143.777924 92.508499 1.000000 0.850628 0.850628
108.625511 144.504456 92.337143 1.000000 0.853432 0.853432
107.947937 145.213074 92.142326 1.000000 0.842949 0.842949
107.309059 145.938889 91.890587 1.000000 0.808524 0.808524
106.691002 146.670517 91.603065 1.000000 0.742910 0.742910
106.094398 147.430771 91.349518 1.000000 0.678964 0.678964
105.564400 148.252289 91.149033 1.000000 0.692265 0.692265
105.224037 149.163559 90.917198 1.000000 0.751864 0.751864
104.959496 150.087936 90.655106 1.000000 0.824455 0.824455
41
114.134125 124.128876 95.598984 1.000000 0.880333 0.880333
113.971764 125.034325 95.206947 1.000000 0.848503 0.848503
113.771744 125.933342 94.818420 1.000000 0.822698 0.822698
113.498726 126.829315 94.474640 1.000000 0.793643 0.793643
113.143715 127.732079 94.246368 1.000000 0.752926 0.752926
112.742622 128.641266 94.159698 1.000000 0.723289 0.723289
112.343109 129.556259 94.189102 1.000000 0.716926 0.716926
111.985565 130.484711 94.282738 1.000000 0.723399 0.723399
111.682861 131.432404 94.379326 1.000000 0.729163 0.729163
111.412491 132.393326 94.420616 1.000000 0.755513 0.755513
111.177017 133.362350 94.372299 1.000000 0.796430 0.796430
111.037544 134.340530 94.240555 1.000000 0.812137 0.812137
111.021759 135.324158 94.069878 1.000000 0.813447 0.813447
111.052834 136.309921 93.905205 1.000000 0.822035 0.822035
111.017921 137.296753 93.759590 1.000000 0.829203 0.829203
110.881859 138.276794 93.620667 1.000000 0.820388 0.820388
110.710365 139.252350 93.483414 1.000000 0.813668 0.813668
110.555374 140.232880 93.364349 1.000000 0.805410 0.805410
110.384521 141.214111 93.281799 1.000000 0.787499 0.787499
110.132095 142.178604 93.229622 1.000000 0.780528 0.780528
109.762657 143.101959 93.158424 1.000000 0.821081 0.821081
109.250931 143.943176 93.020508 1.000000 0.858028 0.858028
108.624512 144.696640 92.826180 1.000000 0.864615 0.864615
107.988823 145.428833 92.584770 1.000000 0.855729 0.855729
107.393852 146.167679 92.271248 1.000000 0.822306 0.822306
106.819794 146.910919 91.927811 1.000000 0.760256 0.760256
106.268440 147.686798 91.624344 1.000000 0.689550 0.689550
105.789284 148.522980 91.364952 1.000000 0.674693 0.674693
105.429680 149.414856 91.100937 1.000000 0.714257 0.714257
105.206787 150.334259 90.786613 1.000000 0.785022 0.785022
105.126259 151.240509 90.383789 1.000000 0.867751 0.867751
105.208099 151.888046 89.626152 1.000000 0.890735 0.890735
105.304214 152.437897 88.804802 1.000000 0.862606 0.862606
105.407654 152.863586 87.906586 1.000000 0.838051 0.838051
105.530510 153.250244 86.992783 1.000000 0.831341 0.831341
105.718788 153.650467 86.097496 1.000000 0.830094 0.830094
106.008110 154.106766 85.258965 1.000000 0.810976 0.810976
106.363281 154.634796 84.489189 1.000000 0.799758 0.799758
106.729370 155.235352 83.779663 1.000000 0.811513 0.811513
107.086983 155.892014 83.116264 1.000000 0.842854 0.842854
107.449913 156.579880 82.488060 1.000000 0.890856 0.890856
17
107.704071 147.885391 78.556595 1.000000 0.873548 0.873548
107.348518 148.596817 79.157860 1.000000 0.877398 0.877398
107.160194 149.327499 79.808197 1.000000 0.871477 0.871477
107.163277 150.025345 80.524429 1.000000 0.851494 0.851494
107.187706 150.686401 81.272491 1.000000 0.846318 0.846318
107.231941 151.234787 82.103004 1.000000 0.866509 0.866509
107.281326 151.572372 83.032188 1.000000 0.877552 0.877552
107.383179 151.665131 84.013634 1.000000 0.865929 0.865929
107.613670 151.573303 84.975922 1.000000 0.837954 0.837954
108.016640 151.370422 85.862312 1.000000 0.790121 0.790121
108.578346 151.121780 86.647133 1.000000 0.765148 0.765148
109.240379 150.865707 87.350220 1.000000 0.803644 0.803644
109.915878 150.583038 88.030472 1.000000 0.847562 0.847562
110.506149 150.200684 88.734718 1.000000 0.860191 0.860191
110.965630 149.673447 89.442375 1.000000 0.849543 0.849543
111.312004 149.017624 90.108292 1.000000 0.850235 0.850235
111.551224 148.270447 90.723938 1.000000 0.881888 0.881888
10
111.805206 148.454041 91.111473 1.000000 0.895877 0.895877
111.611069 149.224716 90.509415 1.000000 0.867647 0.867647
111.304283 149.916397 89.860695 1.000000 0.868373 0.868373
110.886604 150.486008 89.160416 1.000000 0.882919 0.882919
110.328094 150.898148 88.450928 1.000000 0.879302 0.879302
109.643494 151.176453 87.780540 1.000000 0.841092 0.841092
108.926605 151.416092 87.126007 1.000000 0.792006 0.792006
108.274361 151.682877 86.419495 1.000000 0.786222 0.786222
107.836945 151.968552 85.566818 1.000000 0.840822 0.840822
107.534233 152.241180 84.664978 1.000000 0.880428 0.880428
22
108.811508 126.040070 91.678505 1.000000 0.877900 0.877900
109.627548 125.585129 91.328407 1.000000 0.830822 0.830822
110.428253 125.022736 91.164589 1.000000 0.807904 0.807904
111.143394 124.330055 91.198463 1.000000 0.772074 0.772074
111.745079 123.552322 91.359970 1.000000 0.774390 0.774390
112.185989 122.685867 91.569084 1.000000 0.816148 0.816148
112.440742 121.743027 91.740883 1.000000 0.822266 0.822266
112.590691 120.759880 91.834236 1.000000 0.785387 0.785387
112.741875 119.772079 91.850632 1.000000 0.750064 0.750064
112.941071 118.793854 91.810707 1.000000 0.737237 0.737237
113.236382 117.843216 91.738625 1.000000 0.727150 0.727150
113.624794 116.924355 91.683334 1.000000 0.719510 0.719510
114.017456 116.006279 91.697983 1.000000 0.749479 0.749479
114.324631 115.061996 91.794617 1.000000 0.798380 0.798380
114.489365 114.089882 91.940231 1.000000 0.826762 0.826762
114.499687 113.104202 92.093224 1.000000 0.843162 0.843162
114.395317 112.120911 92.236534 1.000000 0.868731 0.868731
114.257652 111.139977 92.373329 1.000000 0.889714 0.889714
114.174973 110.153168 92.505081 1.000000 0.893073 0.893073
114.151291 109.160805 92.625259 1.000000 0.883899 0.883899
114.126534 108.167015 92.732635 1.000000 0.880355 0.880355
114.074173 107.173241 92.830048 1.000000 0.897037 0.897037
18
113.107567 126.961693 95.856667 1.000000 0.885362 0.885362
112.709297 127.861526 95.708107 1.000000 0.832564 0.832564
112.285400 128.765991 95.699150 1.000000 0.799290 0.799290
111.876312 129.675674 95.763428 1.000000 0.800324 0.800324
111.505516 130.596313 95.880264 1.000000 0.817755 0.817755
111.153419 131.520325 96.029266 1.000000 0.851945 0.851945
110.753838 132.427841 96.113358 1.000000 0.889841 0.889841
110.303406 133.310089 96.014603 1.000000 0.891510 0.891510
109.942818 134.208359 95.791428 1.000000 0.886492 0.886492
109.724937 135.151230 95.543404 1.000000 0.877073 0.877073
109.532646 136.102112 95.302017 1.000000 0.872380 0.872380
109.312027 137.054489 95.092789 1.000000 0.856262 0.856262
109.099426 138.018738 94.939926 1.000000 0.837818 0.837818
108.924484 138.998764 94.854614 1.000000 0.830904 0.830904
108.811729 139.991760 94.819168 1.000000 0.826551 0.826551
108.708176 140.985031 94.770218 1.000000 0.815502 0.815502
108.603348 141.976089 94.690193 1.000000 0.826557 0.826557
108.439224 142.955154 94.581505 1.000000 0.871943 0.871943
24
114.023712 129.413528 92.684212 1.000000 0.889084 0.889084
113.574921 130.299942 92.656883 1.000000 0.883765 0.883765
113.136772 131.190811 92.770447 1.000000 0.875176 0.875176
112.756393 132.106888 92.887962 1.000000 0.872210 0.872210
112.478058 133.063522 92.932388 1.000000 0.882002 0.882002
112.362663 134.051270 92.904488 1.000000 0.889789 0.889789
112.403175 135.046341 92.834183 1.000000 0.873091 0.873091
112.471725 136.039444 92.742722 1.000000 0.846454 0.846454
112.454155 137.031967 92.637444 1.000000 0.820814 0.820814
112.308235 138.011902 92.521759 1.000000 0.808302 0.808302
112.047737 138.967255 92.391296 1.000000 0.802805 0.802805
111.735779 139.907516 92.255165 1.000000 0.808538 0.808538
111.418587 140.850235 92.158409 1.000000 0.827791 0.827791
111.074600 141.787979 92.131241 1.000000 0.834550 0.834550
110.682190 142.706680 92.111504 1.000000 0.842448 0.842448
110.217171 143.579391 91.999855 1.000000 0.877669 0.877669
109.613434 144.326218 91.773705 1.000000 0.888764 0.888764
108.830605 144.904480 91.543922 1.000000 0.868608 0.868608
108.072510 145.512177 91.310455 1.000000 0.854825 0.854825
107.362793 146.163284 91.043381 1.000000 0.816815 0.816815
106.679787 146.837524 90.762978 1.000000 0.752419 0.752419
106.020088 147.550934 90.532478 1.000000 0.720820 0.720820
105.422989 148.335129 90.379555 1.000000 0.772883 0.772883
104.939384 149.199554 90.262009 1.000000 0.860002 0.860002
20
114.339241 125.962105 95.444199 1.000000 0.884239 0.884239
114.065598 126.772903 94.931808 1.000000 0.861453 0.861453
113.714714 127.629242 94.569710 1.000000 0.830133 0.830133
113.312141 128.523453 94.400101 1.000000 0.790593 0.790593
112.907021 129.434830 94.396423 1.000000 0.772631 0.772631
112.533966 130.355164 94.504112 1.000000 0.786160 0.786160
112.212929 131.290649 94.648560 1.000000 0.808170 0.808170
111.940384 132.246399 94.747147 1.000000 0.812917 0.812917
111.714432 133.218842 94.752876 1.000000 0.816850 0.816850
111.579163 134.203629 94.673531 1.000000 0.832263 0.832263
111.570648 135.193680 94.547768 1.000000 0.830254 0.830254
111.621284 136.183640 94.415787 1.000000 0.833964 0.833964
111.611115 137.173859 94.289085 1.000000 0.835344 0.835344
111.484787 138.155762 94.160637 1.000000 0.820914 0.820914
111.297447 139.128937 94.027222 1.000000 0.809880 0.809880
111.126717 140.106262 93.904060 1.000000 0.799027 0.799027
110.966095 141.089127 93.817360 1.000000 0.780369 0.780369
110.764648 142.066940 93.772148 1.000000 0.769408 0.769408
110.497589 143.028702 93.727119 1.000000 0.810296 0.810296
110.076614 143.916687 93.541992 1.000000 0.876491 0.876491
10
110.879913 134.128906 95.932114 1.000000 0.889281 0.889281
110.854240 135.103165 95.708168 1.000000 0.881995 0.881995
110.842522 136.078491 95.488174 1.000000 0.889923 0.889923
110.805588 137.057144 95.291000 1.000000 0.896110 0.896110
110.684097 138.035599 95.130363 1.000000 0.888874 0.888874
110.533051 139.016098 95.006226 1.000000 0.879448 0.879448
110.414246 140.004074 94.910789 1.000000 0.865296 0.865296
110.306778 140.995392 94.836441 1.000000 0.841525 0.841525
110.144554 141.979446 94.779343 1.000000 0.827784 0.827784
109.873528 142.937714 94.718651 1.000000 0.862860 0.862860
29
113.775261 126.686516 95.386459 1.000000 0.872921 0.872921
113.414848 127.555542 95.067497 1.000000 0.830567 0.830567
113.005119 128.454224 94.939575 1.000000 0.783930 0.783930
112.595009 129.364227 94.956795 1.000000 0.768269 0.768269
112.220482 130.284042 95.064888 1.000000 0.783309 0.783309
111.899147 131.219070 95.211891 1.000000 0.805269 0.805269
111.609955 132.168091 95.331642 1.000000 0.820131 0.820131
111.338425 133.127701 95.352806 1.000000 0.830586 0.830586
111.141159 134.098907 95.250854 1.000000 0.847105 0.847105
111.080360 135.078995 95.076950 1.000000 0.847295 0.847295
111.103371 136.061539 94.892769 1.000000 0.854924 0.854924
111.041008 137.047195 94.735977 1.000000 0.865480 0.865480
110.927528 138.028305 94.588249 1.000000 0.857919 0.857919
110.767670 139.006622 94.456734 1.000000 0.847583 0.847583
110.632355 139.990738 94.344551 1.000000 0.834120 0.834120
110.507668 140.979126 94.259895 1.000000 0.809784 0.809784
110.330910 141.960785 94.204208 1.000000 0.789211 0.789211
110.056564 142.919083 94.149490 1.000000 0.825171 0.825171
109.642044 143.816818 94.039658 1.000000 0.880352 0.880352
109.068909 144.606888 93.848160 1.000000 0.894296 0.894296
108.437233 145.338181 93.593048 1.000000 0.894933 0.894933
107.850632 146.072678 93.257530 1.000000 0.876624 0.876624
107.310310 146.814285 92.860153 1.000000 0.834206 0.834206
106.788406 147.580292 92.487144 1.000000 0.768055 0.768055
106.313820 148.401932 92.176735 1.000000 0.698123 0.698123
105.938835 149.282486 91.894073 1.000000 0.662863 0.662863
105.683655 150.202866 91.604553 1.000000 0.689565 0.689565
105.554390 151.149582 91.318008 1.000000 0.788752 0.788752
105.583336 152.116394 91.086639 1.000000 0.881784 0.881784
20
114.750954 120.962311 95.106293 1.000000 0.895107 0.895107
114.692886 121.886032 94.729156 1.000000 0.851278 0.851278
114.582161 122.820808 94.393265 1.000000 0.808986 0.808986
114.434692 123.757347 94.075455 1.000000 0.769046 0.769046
114.271927 124.684402 93.738136 1.000000 0.750586 0.750586
114.095238 125.599785 93.376648 1.000000 0.760195 0.760195
113.873383 126.508163 93.024780 1.000000 0.778297 0.778297
113.571602 127.413963 92.734482 1.000000 0.778732 0.778732
113.195686 128.318008 92.540871 1.000000 0.772929 0.772929
112.780968 129.222336 92.465126 1.000000 0.770544 0.770544
112.374123 130.134140 92.496803 1.000000 0.758184 0.758184
112.017807 131.065048 92.569313 1.000000 0.747621 0.747621
111.717529 132.016998 92.620872 1.000000 0.772976 0.772976
111.463463 132.983261 92.616577 1.000000 0.833682 0.833682
111.304878 133.963455 92.535721 1.000000 0.878373 0.878373
111.318237 134.945816 92.390564 1.000000 0.887624 0.887624
111.433769 135.925827 92.229523 1.000000 0.880960 0.880960
111.423622 136.908691 92.086952 1.000000 0.880434 0.880434
111.083519 137.839264 91.951462 1.000000 0.882386 0.882386
110.708000 138.754044 91.807961 1.000000 0.893874 0.893874
13
112.842751 133.123230 93.506531 1.000000 0.897227 0.897227
112.685555 134.106812 93.507706 1.000000 0.883556 0.883556
112.667969 135.104874 93.475807 1.000000 0.866130 0.866130
112.695198 136.102966 93.422874 1.000000 0.843756 0.843756
112.676239 137.098450 93.340561 1.000000 0.815913 0.815913
112.557465 138.084381 93.240089 1.000000 0.790877 0.790877
112.336861 139.053009 93.134422 1.000000 0.773511 0.773511
112.068237 140.011230 93.036911 1.000000 0.770538 0.770538
111.797989 140.971817 92.979713 1.000000 0.779795 0.779795
111.520645 141.932312 92.974762 1.000000 0.791868 0.791868
111.237328 142.890701 92.939812 1.000000 0.819052 0.819052
110.993431 143.847443 92.815125 1.000000 0.864074 0.864074
110.836769 144.773880 92.493172 1.000000 0.889348 0.889348
11
112.510597 134.185745 95.032593 1.000000 0.880492 0.880492
112.458664 135.182846 95.016838 1.000000 0.875841 0.875841
112.469849 136.181915 94.978775 1.000000 0.878547 0.878547
112.452065 137.178833 94.914261 1.000000 0.869255 0.869255
112.339134 138.167038 94.829887 1.000000 0.842592 0.842592
112.142799 139.143188 94.740952 1.000000 0.821914 0.821914
111.933533 140.118134 94.668442 1.000000 0.820764 0.820764
111.738495 141.098083 94.639793 1.000000 0.819602 0.819602
111.533867 142.076569 94.657616 1.000000 0.812191 0.812191
111.320419 143.053085 94.685829 1.000000 0.836308 0.836308
111.219902 144.043259 94.588631 1.000000 0.888705 0.888705
12
112.034126 86.121681 81.205467 1.000000 0.885655 0.885655
112.207344 87.057037 81.513878 1.000000 0.864550 0.864550
112.376389 87.996338 81.812202 1.000000 0.851349 0.851349
112.547249 88.936249 82.107643 1.000000 0.865421 0.865421
112.722221 89.870300 82.418831 1.000000 0.894095 0.894095
112.873459 90.806648 82.734795 1.000000 0.892175 0.892175
112.993164 91.750381 83.042786 1.000000 0.845293 0.845293
113.110168 92.692673 83.356178 1.000000 0.783464 0.783464
113.243355 93.626289 83.688507 1.000000 0.759546 0.759546
113.386879 94.556938 84.025009 1.000000 0.788960 0.788960
113.541687 95.494354 84.336151 1.000000 0.842546 0.842546
113.724380 96.441200 84.598534 1.000000 0.892074 0.892074
18
111.068810 133.014526 91.994308 1.000000 0.859520 0.859520
111.411934 132.075958 92.002388 1.000000 0.789915 0.789915
111.767242 131.143509 91.936989 1.000000 0.748256 0.748256
112.152252 130.223694 91.868599 1.000000 0.761891 0.761891
112.585503 129.324036 91.832069 1.000000 0.782675 0.782675
113.024963 128.430634 91.896843 1.000000 0.788700 0.788700
113.419975 127.531044 92.073509 1.000000 0.790583 0.790583
113.739410 126.621078 92.331726 1.000000 0.787594 0.787594
113.978775 125.703758 92.646576 1.000000 0.761614 0.761614
114.167709 124.781013 92.982193 1.000000 0.726688 0.726688
114.338402 123.848724 93.300591 1.000000 0.715598 0.715598
114.489365 122.902679 93.586418 1.000000 0.743115 0.743115
114.593628 121.946938 93.859764 1.000000 0.781586 0.781586
114.636063 120.988045 94.138832 1.000000 0.818043 0.818043
114.656723 120.019722 94.385185 1.000000 0.854212 0.854212
114.743843 119.039536 94.545753 1.000000 0.869506 0.869506
114.953346 118.069809 94.653656 1.000000 0.863671 0.863671
115.235336 117.122040 94.798241 1.000000 0.874758 0.874758
10
111.442047 135.647430 95.624001 1.000000 0.891726 0.891726
111.449036 134.661911 95.786301 1.000000 0.879918 0.879918
111.578537 133.680252 95.897575 1.000000 0.888905 0.888905
111.812134 132.712372 95.875145 1.000000 0.893132 0.893132
112.087097 131.776520 95.654762 1.000000 0.878491 0.878491
112.383316 130.847977 95.432175 1.000000 0.847248 0.847248
112.729179 129.930573 95.240936 1.000000 0.814556 0.814556
113.123199 129.018967 95.142624 1.000000 0.813867 0.813867
113.546005 128.119217 95.195129 1.000000 0.854352 0.854352
113.962151 127.269669 95.482376 1.000000 0.896517 0.896517
28
112.761124 135.996643 92.138710 1.000000 0.885424 0.885424
112.745819 136.987000 92.018082 1.000000 0.859876 0.859876
112.582558 137.962769 91.899094 1.000000 0.854582 0.854582
112.188019 138.870636 91.757339 1.000000 0.857900 0.857900
111.767410 139.766357 91.616104 1.000000 0.870683 0.870683
111.293533 140.639847 91.519043 1.000000 0.894381 0.894381
110.762222 141.483200 91.514748 1.000000 0.887162 0.887162
110.166550 142.284866 91.539719 1.000000 0.859914 0.859914
109.481560 143.008728 91.510429 1.000000 0.840402 0.840402
108.707703 143.636154 91.439896 1.000000 0.821027 0.821027
107.916084 144.244415 91.392532 1.000000 0.804827 0.804827
107.166580 144.904419 91.360367 1.000000 0.776501 0.776501
106.454590 145.602203 91.289001 1.000000 0.727243 0.727243
105.760696 146.315979 91.195084 1.000000 0.677010 0.677010
105.102119 147.064957 91.150002 1.000000 0.662777 0.662777
104.510880 147.866989 91.197426 1.000000 0.721005 0.721005
104.007187 148.716278 91.338753 1.000000 0.809996 0.809996
103.590775 149.580795 91.601578 1.000000 0.869884 0.869884
103.234535 150.390274 92.044113 1.000000 0.882882 0.882882
102.917763 151.122391 92.640427 1.000000 0.869858 0.869858
102.649712 151.813309 93.310799 1.000000 0.868218 0.868218
102.462334 152.519241 93.992050 1.000000 0.885605 0.885605
102.393059 153.272064 94.642647 1.000000 0.895802 0.895802
102.456039 154.064636 95.245056 1.000000 0.878953 0.878953
102.626404 154.873993 95.805328 1.000000 0.842943 0.842943
102.878304 155.683563 96.333931 1.000000 0.812750 0.812750
103.201813 156.487976 96.830849 1.000000 0.819566 0.819566
103.573463 157.298553 97.282013 1.000000 0.863564 0.863564
10
113.809067 136.557266 93.480568 1.000000 0.890541 0.890541
113.789490 137.556122 93.440407 1.000000 0.875683 0.875683
113.715500 138.551056 93.408768 1.000000 0.872652 0.872652
113.505943 139.523163 93.447319 1.000000 0.854104 0.854104
113.161880 140.454514 93.555519 1.000000 0.827071 0.827071
112.770477 141.362640 93.703117 1.000000 0.821557 0.821557
112.398239 142.278442 93.852188 1.000000 0.835020 0.835020
112.108833 143.229385 93.928886 1.000000 0.857612 0.857612
112.101295 144.212936 93.748436 1.000000 0.881439 0.881439
112.199524 145.167343 93.498299 1.000000 0.896115 0.896115
10
112.944130 106.720154 89.755432 1.000000 0.894266 0.894266
112.822418 105.746246 89.936096 1.000000 0.885958 0.885958
112.799133 104.754128 90.034821 1.000000 0.869174 0.869174
112.839844 103.755936 90.035957 1.000000 0.843616 0.843616
112.897156 102.759972 89.971039 1.000000 0.826748 0.826748
112.950371 101.768501 89.852074 1.000000 0.831359 0.831359
113.015633 100.779572 89.719986 1.000000 0.841107 0.841107
113.114326 99.795990 89.570496 1.000000 0.850268 0.850268
113.249763 98.817444 89.415886 1.000000 0.866705 0.866705
113.393211 97.840492 89.258003 1.000000 0.894769 0.894769
15
112.274986 120.634369 91.742104 1.000000 0.877229 0.877229
112.515976 119.664391 91.728729 1.000000 0.821163 0.821163
112.775078 118.701210 91.667152 1.000000 0.798746 0.798746
113.175186 117.788696 91.582169 1.000000 0.761172 0.761172
113.605293 116.888847 91.522186 1.000000 0.737976 0.737976
114.026077 115.983688 91.537643 1.000000 0.757035 0.757035
114.353340 115.046379 91.636070 1.000000 0.802096 0.802096
114.533005 114.077759 91.784386 1.000000 0.830745 0.830745
114.549538 113.093216 91.942314 1.000000 0.844381 0.844381
114.448952 112.110153 92.090225 1.000000 0.867997 0.867997
114.319359 111.128471 92.229332 1.000000 0.888643 0.888643
114.250038 110.140732 92.360901 1.000000 0.890802 0.890802
114.240547 109.147972 92.480064 1.000000 0.879740 0.879740
114.224960 108.154022 92.587227 1.000000 0.874045 0.874045
114.177628 107.159744 92.681679 1.000000 0.887558 0.887558
18
116.009171 112.072784 92.348457 1.000000 0.866806 0.866806
116.009438 113.065247 92.227966 1.000000 0.847248 0.847248
115.960831 114.049515 92.063683 1.000000 0.842184 0.842184
115.814964 115.013084 91.850647 1.000000 0.846793 0.846793
115.538452 115.946411 91.631432 1.000000 0.806371 0.806371
115.156326 116.851364 91.451347 1.000000 0.727012 0.727012
114.723099 117.744629 91.337402 1.000000 0.659692 0.659692
114.317329 118.655960 91.288376 1.000000 0.681029 0.681029
114.031487 119.609810 91.244339 1.000000 0.729921 0.729921
113.878036 120.591141 91.146317 1.000000 0.782289 0.782289
113.767525 121.574448 91.002724 1.000000 0.852715 0.852715
113.504021 122.514862 90.852364 1.000000 0.890389 0.890389
112.809464 123.222084 90.720306 1.000000 0.838822 0.838822
112.088646 123.900520 90.583916 1.000000 0.797440 0.797440
111.279518 124.475716 90.530724 1.000000 0.788077 0.788077
110.400352 124.921806 90.655090 1.000000 0.800736 0.800736
109.507866 125.269020 90.931107 1.000000 0.833506 0.833506
108.626938 125.566109 91.297829 1.000000 0.889180 0.889180
10
113.487946 108.968361 90.986954 1.000000 0.880667 0.880667
113.447838 107.981445 91.141487 1.000000 0.857746 0.857746
113.390862 106.990898 91.265419 1.000000 0.860452 0.860452
113.365158 105.996002 91.354149 1.000000 0.879232 0.879232
113.420776 105.000053 91.384094 1.000000 0.895006 0.895006
113.536865 104.009140 91.331825 1.000000 0.894120 0.894120
113.651070 103.025154 91.200279 1.000000 0.888370 0.888370
113.731606 102.047508 91.008453 1.000000 0.889331 0.889331
113.802246 101.075089 90.786507 1.000000 0.891018 0.891018
113.953934 100.104431 90.599907 1.000000 0.894304 0.894304
13
114.265823 107.771828 88.323135 1.000000 0.893795 0.893795
113.930542 106.882843 88.602829 1.000000 0.869472 0.869472
113.761574 105.912384 88.749046 1.000000 0.834490 0.834490
113.705826 104.917702 88.814995 1.000000 0.787108 0.787108
113.725464 103.918640 88.833595 1.000000 0.750456 0.750456
113.779755 102.920662 88.809105 1.000000 0.752091 0.752091
113.841881 101.925407 88.738052 1.000000 0.770308 0.770308
113.919960 100.935226 88.624733 1.000000 0.787101 0.787101
114.072342 99.956665 88.486145 1.000000 0.801426 0.801426
114.239532 98.979927 88.352829 1.000000 0.822687 0.822687
114.419617 98.005402 88.219269 1.000000 0.834448 0.834448
114.586494 97.032738 88.059433 1.000000 0.840806 0.840806
114.729401 96.063431 87.860535 1.000000 0.866198 0.866198
12
114.260483 91.294067 84.816071 1.000000 0.877113 0.877113
114.363548 92.240196 85.122971 1.000000 0.836466 0.836466
114.455215 93.182999 85.442856 1.000000 0.823835 0.823835
114.499786 94.122284 85.781776 1.000000 0.823300 0.823300
114.485352 95.064217 86.115883 1.000000 0.812830 0.812830
114.426674 96.015625 86.417007 1.000000 0.804351 0.804351
114.340416 96.978065 86.673042 1.000000 0.814653 0.814653
114.227997 97.950829 86.872681 1.000000 0.832471 0.832471
114.088303 98.931549 87.003937 1.000000 0.851828 0.851828
113.944809 99.918343 87.073586 1.000000 0.864971 0.864971
113.853111 100.912643 87.082886 1.000000 0.880788 0.880788
113.933090 101.900131 86.946983 1.000000 0.895488 0.895488
12
114.539413 97.573547 85.243507 1.000000 0.882227 0.882227
114.636787 96.610909 84.994354 1.000000 0.814890 0.814890
114.725540 95.666145 84.679932 1.000000 0.780164 0.780164
114.798790 94.734024 84.325768 1.000000 0.773655 0.773655
114.843758 93.805382 83.958122 1.000000 0.774955 0.774955
114.852554 92.869530 83.606613 1.000000 0.776028 0.776028
114.850235 91.926880 83.272957 1.000000 0.791182 0.791182
114.874954 90.987373 82.932205 1.000000 0.819612 0.819612
114.937271 90.054825 82.577034 1.000000 0.839742 0.839742
115.010872 89.115334 82.243607 1.000000 0.842061 0.842061
115.075836 88.156731 81.968666 1.000000 0.850334 0.850334
115.161690 87.182167 81.761658 1.000000 0.885595 0.885595
13
114.523232 109.797585 90.609299 1.000000 0.880266 0.880266
114.637268 108.809052 90.706200 1.000000 0.842019 0.842019
114.698944 107.815742 90.796257 1.000000 0.814436 0.814436
114.716438 106.817825 90.850258 1.000000 0.813761 0.813761
114.754433 105.820671 90.824799 1.000000 0.828013 0.828013
114.850662 104.833015 90.710770 1.000000 0.831932 0.831932
114.968246 103.854523 90.542145 1.000000 0.833783 0.833783
115.045654 102.879028 90.339432 1.000000 0.831794 0.831794
115.070580 101.908577 90.100807 1.000000 0.823669 0.823669
115.101257 100.943878 89.840332 1.000000 0.821655 0.821655
115.249855 99.976494 89.635170 1.000000 0.837095 0.837095
115.439339 99.009041 89.480560 1.000000 0.862542 0.862542
115.705147 98.048553 89.417023 1.000000 0.895661 0.895661
12
116.210243 97.237358 87.167969 1.000000 0.872943 0.872943
115.936546 98.189598 87.300751 1.000000 0.836478 0.836478
115.670250 99.148010 87.403000 1.000000 0.819003 0.819003
115.431038 100.111687 87.518799 1.000000 0.813590 0.813590
115.244820 101.083313 87.660690 1.000000 0.811463 0.811463
115.122726 102.067902 87.776749 1.000000 0.798361 0.798361
115.069397 103.065918 87.743484 1.000000 0.777822 0.777822
115.052238 104.063217 87.686592 1.000000 0.731813 0.731813
115.157242 105.049171 87.587975 1.000000 0.729895 0.729895
115.543648 105.910362 87.371773 1.000000 0.844045 0.844045
116.367836 106.316437 87.053452 1.000000 0.843552 0.843552
117.327347 106.500175 86.852386 1.000000 0.898732 0.898732
15
116.047745 92.833069 85.246841 1.000000 0.874905 0.874905
115.944252 93.764656 85.595123 1.000000 0.855153 0.855153
115.826294 94.687813 85.960785 1.000000 0.841828 0.841828
115.685043 95.610420 86.319107 1.000000 0.820664 0.820664
115.515656 96.546516 86.624733 1.000000 0.800294 0.800294
115.322823 97.500084 86.852341 1.000000 0.802743 0.802743
115.114799 98.465431 87.006371 1.000000 0.815296 0.815296
114.902313 99.436584 87.113655 1.000000 0.824759 0.824759
114.708702 100.413368 87.203690 1.000000 0.833480 0.833480
114.566132 101.400337 87.265755 1.000000 0.841572 0.841572
114.493813 102.395241 87.249588 1.000000 0.835318 0.835318
114.508232 103.383141 87.120049 1.000000 0.823597 0.823597
115.034470 104.184654 86.836067 1.000000 0.828946 0.828946
115.751465 104.763474 86.583199 1.000000 0.743075 0.743075
116.711624 104.988342 86.467842 1.000000 0.865180 0.865180
10
115.938705 111.267365 91.913254 1.000000 0.884159 0.884159
115.955132 112.259941 91.792839 1.000000 0.856765 0.856765
115.951904 113.248238 91.644127 1.000000 0.849668 0.849668
115.875793 114.223236 91.443130 1.000000 0.859701 0.859701
115.654137 115.166565 91.216667 1.000000 0.859155 0.859155
115.281006 116.071701 91.021622 1.000000 0.815608 0.815608
114.752991 116.914940 90.920822 1.000000 0.726975 0.726975
114.203392 117.746819 90.859383 1.000000 0.707688 0.707688
113.657883 118.584213 90.868454 1.000000 0.768269 0.768269
113.155685 119.447578 90.914169 1.000000 0.845943 0.845943
10
116.334984 113.430443 92.795006 1.000000 0.889531 0.889531
116.271584 114.409248 92.607063 1.000000 0.890776 0.890776
116.132835 115.362160 92.344154 1.000000 0.877305 0.877305
115.883507 116.287666 92.065636 1.000000 0.831916 0.831916
115.540718 117.196159 91.831635 1.000000 0.762733 0.762733
115.160858 118.105827 91.667610 1.000000 0.706364 0.706364
114.868614 119.056435 91.562988 1.000000 0.738424 0.738424
114.656784 120.021385 91.433716 1.000000 0.768141 0.768141
114.557503 120.998489 91.250923 1.000000 0.817974 0.817974
114.454636 121.970200 91.042061 1.000000 0.887250 0.887250
12
115.117210 122.771507 94.676216 1.000000 0.869051 0.869051
114.924171 123.673012 94.289658 1.000000 0.823322 0.823322
114.752960 124.577835 93.900398 1.000000 0.797986 0.797986
114.592384 125.468323 93.475121 1.000000 0.802760 0.802760
114.409142 126.349930 93.040863 1.000000 0.822923 0.822923
114.154663 127.235001 92.655701 1.000000 0.839524 0.839524
113.813759 128.125000 92.358299 1.000000 0.835569 0.835569
113.413048 129.019089 92.167717 1.000000 0.834791 0.834791
112.988098 129.919724 92.113548 1.000000 0.832136 0.832136
112.583076 130.831924 92.164444 1.000000 0.820505 0.820505
112.227921 131.763489 92.234779 1.000000 0.822500 0.822500
111.931839 132.717072 92.268211 1.000000 0.868218 0.868218
10
114.754097 99.257751 86.259201 1.000000 0.892777 0.892777
114.960190 98.284843 86.165825 1.000000 0.845713 0.845713
115.146088 97.321960 85.976662 1.000000 0.801923 0.801923
115.309219 96.375389 85.701538 1.000000 0.769787 0.769787
115.449493 95.444771 85.364571 1.000000 0.770649 0.770649
115.569244 94.521873 84.998802 1.000000 0.786267 0.786267
115.670639 93.594574 84.638771 1.000000 0.804316 0.804316
115.759010 92.658264 84.299103 1.000000 0.825558 0.825558
115.835960 91.718056 83.967392 1.000000 0.851700 0.851700
115.887695 90.783028 83.616623 1.000000 0.882190 0.882190
36
125.018394 106.007820 93.140633 1.000000 0.893100 0.893100
124.724785 106.941101 93.341003 1.000000 0.876232 0.876232
124.484222 107.897324 93.506432 1.000000 0.855266 0.855266
124.262527 108.865166 93.618645 1.000000 0.812804 0.812804
124.095001 109.848633 93.657707 1.000000 0.747268 0.747268
124.074295 110.848396 93.651260 1.000000 0.675585 0.675585
124.083664 111.847801 93.657547 1.000000 0.611761 0.611761
124.130234 112.846138 93.688622 1.000000 0.565077 0.565077
124.182518 113.843536 93.737808 1.000000 0.536186 0.536186
124.232407 114.841072 93.786774 1.000000 0.574551 0.574551
124.278595 115.839508 93.813789 1.000000 0.649200 0.649200
124.304375 116.838951 93.814308 1.000000 0.731971 0.731971
124.289772 117.837929 93.783875 1.000000 0.768594 0.768594
124.243195 118.831825 93.692955 1.000000 0.753095 0.753095
124.205063 119.818268 93.536423 1.000000 0.702501 0.702501
124.207863 120.801445 93.355225 1.000000 0.635002 0.635002
124.248154 121.786530 93.189171 1.000000 0.587816 0.587816
124.303772 122.774086 93.042160 1.000000 0.608726 0.608726
124.355888 123.759911 92.883583 1.000000 0.673221 0.673221
124.411766 124.739342 92.690781 1.000000 0.749671 0.749671
124.493713 125.714218 92.484406 1.000000 0.803471 0.803471
124.594872 126.691902 92.301376 1.000000 0.825248 0.825248
124.686234 127.676254 92.152039 1.000000 0.828277 0.828277
124.750275 128.666122 92.026337 1.000000 0.843289 0.843289
124.822586 129.657364 91.919395 1.000000 0.881195 0.881195
125.028473 130.626923 91.840385 1.000000 0.880625 0.880625
125.354111 131.571365 91.803490 1.000000 0.837913 0.837913
125.626213 132.531296 91.796684 1.000000 0.795159 0.795159
125.776031 133.518341 91.805870 1.000000 0.763349 0.763349
125.847191 134.515213 91.833549 1.000000 0.752614 0.752614
125.920853 135.510681 91.886543 1.000000 0.756321 0.756321
126.054283 136.497452 91.969421 1.000000 0.762603 0.762603
126.205925 137.480865 92.067986 1.000000 0.764728 0.764728
126.312042 138.471130 92.150246 1.000000 0.785250 0.785250
126.374878 139.467300 92.208168 1.000000 0.834839 0.834839
126.421700 140.464981 92.257736 1.000000 0.891227 0.891227
62
125.467361 105.038513 92.663223 1.000000 0.897947 0.897947
125.103737 105.943810 92.881096 1.000000 0.881542 0.881542
124.807510 106.877678 93.075287 1.000000 0.865590 0.865590
124.564415 107.833916 93.236908 1.000000 0.845077 0.845077
124.336899 108.800499 93.349968 1.000000 0.801830 0.801830
124.154823 109.781296 93.395920 1.000000 0.734851 0.734851
124.069534 110.776108 93.399910 1.000000 0.664954 0.664954
124.074371 111.775383 93.409683 1.000000 0.603504 0.603504
124.123497 112.773460 93.444183 1.000000 0.560206 0.560206
124.179657 113.770042 93.504761 1.000000 0.531760 0.531760
124.233696 114.766983 93.561012 1.000000 0.558013 0.558013
124.283119 115.764954 93.598213 1.000000 0.630725 0.630725
124.315727 116.764183 93.609047 1.000000 0.717390 0.717390
124.312546 117.763573 93.589043 1.000000 0.762837 0.762837
124.276421 118.758911 93.509926 1.000000 0.755617 0.755617
124.245041 119.747215 93.364128 1.000000 0.713245 0.713245
124.254967 120.731819 93.191322 1.000000 0.652676 0.652676
124.307465 121.717644 93.033623 1.000000 0.609770 0.609770
124.380730 122.705681 92.898216 1.000000 0.627942 0.627942
124.451309 123.692940 92.756340 1.000000 0.688828 0.688828
124.517723 124.675529 92.583801 1.000000 0.761988 0.761988
124.600098 125.654388 92.397026 1.000000 0.813308 0.813308
124.701683 126.635033 92.230820 1.000000 0.831716 0.831716
124.804810 127.620392 92.095924 1.000000 0.831161 0.831161
124.898804 128.609451 91.982567 1.000000 0.842496 0.842496
125.021729 129.596588 91.887009 1.000000 0.873752 0.873752
125.269852 130.558914 91.820778 1.000000 0.866703 0.866703
125.607628 131.499573 91.793907 1.000000 0.824006 0.824006
125.885887 132.458008 91.791428 1.000000 0.777558 0.777558
126.052299 133.442856 91.795403 1.000000 0.740680 0.740680
126.157440 134.437210 91.805313 1.000000 0.735337 0.735337
126.274742 135.429352 91.837601 1.000000 0.743126 0.743126
126.433670 136.413345 91.911140 1.000000 0.747224 0.747224
126.578804 137.397247 92.011971 1.000000 0.749491 0.749491
126.670616 138.388779 92.096840 1.000000 0.769726 0.769726
126.741112 139.384750 92.150551 1.000000 0.817668 0.817668
126.837456 140.378860 92.195053 1.000000 0.862366 0.862366
126.977882 141.367416 92.245422 1.000000 0.885873 0.885873
127.132790 142.354599 92.273148 1.000000 0.885875 0.885875
127.273834 143.342300 92.230362 1.000000 0.863481 0.863481
127.428825 144.321777 92.108017 1.000000 0.822767 0.822767
127.628654 145.286743 91.939835 1.000000 0.777223 0.777223
127.866531 146.240906 91.758751 1.000000 0.746279 0.746279
128.115463 147.189651 91.564484 1.000000 0.737121 0.737121
128.353256 148.136642 91.348915 1.000000 0.752174 0.752174
128.575790 149.083878 91.118340 1.000000 0.777097 0.777097
128.779694 150.027252 90.858124 1.000000 0.803240 0.803240
128.910355 150.948364 90.503975 1.000000 0.830810 0.830810
128.870773 151.797195 89.994476 1.000000 0.815187 0.815187
128.668655 152.523529 89.344444 1.000000 0.770821 0.770821
128.414719 153.141479 88.602692 1.000000 0.749640 0.749640
128.181534 153.670853 87.789093 1.000000 0.752114 0.752114
127.993477 154.107483 86.911514 1.000000 0.753229 0.753229
127.855316 154.441360 85.981194 1.000000 0.747828 0.747828
127.770432 154.671432 85.013496 1.000000 0.741520 0.741520
127.733459 154.799927 84.023956 1.000000 0.740484 0.740484
127.728783 154.817902 83.025864 1.000000 0.750674 0.750674
127.745079 154.702621 82.035248 1.000000 0.767303 0.767303
127.783615 154.427521 81.078499 1.000000 0.784759 0.784759
127.850616 153.990402 80.185555 1.000000 0.803442 0.803442
127.946228 153.432724 79.363068 1.000000 0.835570 0.835570
128.066650 152.804459 78.595337 1.000000 0.885234 0.885234
11
124.036751 120.116570 96.989227 1.000000 0.889531 0.889531
123.979630 121.086563 96.754089 1.000000 0.827837 0.827837
123.937317 122.055855 96.512085 1.000000 0.788112 0.788112
123.884583 123.026428 96.277206 1.000000 0.768462 0.768462
123.844269 123.985947 96.001862 1.000000 0.759467 0.759467
123.866478 124.919945 95.650436 1.000000 0.742318 0.742318
123.956161 125.832642 95.252693 1.000000 0.736033 0.736033
124.045967 126.747444 94.859970 1.000000 0.755086 0.755086
124.051781 127.679138 94.502548 1.000000 0.768538 0.768538
123.935394 128.621048 94.194313 1.000000 0.773638 0.773638
123.724503 129.565216 93.945061 1.000000 0.813542 0.813542
40
124.237854 119.064835 96.384918 1.000000 0.894639 0.894639
124.153107 120.040405 96.190659 1.000000 0.818694 0.818694
124.130295 121.008385 95.940659 1.000000 0.742241 0.742241
124.106583 121.979286 95.702682 1.000000 0.685733 0.685733
124.077682 122.952454 95.474449 1.000000 0.656951 0.656951
124.057220 123.917114 95.213921 1.000000 0.652515 0.652515
124.081772 124.863136 94.894028 1.000000 0.664322 0.664322
124.156662 125.794846 94.539230 1.000000 0.702641 0.702641
124.231720 126.729912 94.193665 1.000000 0.733393 0.733393
124.240646 127.678940 93.883072 1.000000 0.747848 0.747848
124.149841 128.636429 93.614716 1.000000 0.761066 0.761066
123.979156 129.595367 93.390854 1.000000 0.811727 0.811727
123.858437 130.568970 93.216965 1.000000 0.893794 0.893794
124.009972 131.535110 93.127502 1.000000 0.883709 0.883709
124.255928 132.502625 93.108238 1.000000 0.841949 0.841949
124.365379 133.491974 93.132706 1.000000 0.807631 0.807631
124.346497 134.489441 93.188629 1.000000 0.796738 0.796738
124.314468 135.487381 93.232689 1.000000 0.811802 0.811802
124.364693 136.483841 93.219307 1.000000 0.824799 0.824799
124.479797 137.476288 93.178780 1.000000 0.817915 0.817915
124.548256 138.471802 93.174255 1.000000 0.823045 0.823045
124.467117 139.462250 93.232872 1.000000 0.838460 0.838460
124.232765 140.428879 93.315369 1.000000 0.863747 0.863747
123.983559 141.394897 93.345016 1.000000 0.887622 0.887622
123.867355 142.380600 93.284492 1.000000 0.883906 0.883906
123.902580 143.370560 93.164955 1.000000 0.869291 0.869291
124.073280 144.341782 93.015343 1.000000 0.855814 0.855814
124.382027 145.273727 92.837227 1.000000 0.835792 0.835792
124.742287 146.182648 92.628418 1.000000 0.818715 0.818715
125.031181 147.104385 92.377831 1.000000 0.780093 0.780093
125.230789 148.037933 92.082893 1.000000 0.751019 0.751019
125.383308 148.966034 91.744392 1.000000 0.765839 0.765839
125.501587 149.874084 91.345009 1.000000 0.796380 0.796380
125.556465 150.740097 90.853745 1.000000 0.816566 0.816566
125.542091 151.526733 90.242943 1.000000 0.814929 0.814929
125.491928 152.213409 89.521225 1.000000 0.799281 0.799281
125.426201 152.810791 88.723595 1.000000 0.789884 0.789884
125.347977 153.337601 87.878059 1.000000 0.797107 0.797107
125.276230 153.809708 86.999931 1.000000 0.832506 0.832506
125.246681 154.238800 86.097908 1.000000 0.885300 0.885300
18
124.012589 124.505356 97.418587 1.000000 0.889296 0.889296
124.144615 125.382614 96.961449 1.000000 0.827647 0.827647
124.332809 126.243111 96.488060 1.000000 0.791292 0.791292
124.470146 127.125801 96.042328 1.000000 0.796600 0.796600
124.474823 128.040741 95.648949 1.000000 0.800144 0.800144
124.330894 128.969330 95.315468 1.000000 0.791113 0.791113
124.096375 129.901840 95.043991 1.000000 0.819641 0.819641
124.021271 130.892776 94.932709 1.000000 0.887229 0.887229
124.060173 131.881454 94.907166 1.000000 0.883152 0.883152
124.110756 132.873672 94.994011 1.000000 0.851825 0.851825
124.053406 133.859329 95.145081 1.000000 0.835119 0.835119
123.960953 134.837921 95.328438 1.000000 0.847144 0.847144
123.940590 135.821854 95.492165 1.000000 0.877943 0.877943
124.041008 136.811325 95.536789 1.000000 0.889234 0.889234
124.170868 137.796387 95.440300 1.000000 0.888500 0.888500
124.186295 138.785797 95.332001 1.000000 0.890411 0.890411
123.997345 139.760925 95.308754 1.000000 0.867397 0.867397
123.661812 140.702118 95.321663 1.000000 0.870634 0.870634
31
124.385231 111.211380 95.997505 1.000000 0.869398 0.869398
124.401581 112.209724 95.943932 1.000000 0.813906 0.813906
124.410690 113.209183 95.915230 1.000000 0.762857 0.762857
124.422478 114.208626 95.887070 1.000000 0.769141 0.769141
124.462585 115.205528 95.825317 1.000000 0.802528 0.802528
124.508186 116.200462 95.736649 1.000000 0.844685 0.844685
124.487289 117.196480 95.667984 1.000000 0.879025 0.879025
124.390808 118.189560 95.606987 1.000000 0.872075 0.872075
124.289230 119.173805 95.475288 1.000000 0.818921 0.818921
124.230301 120.148521 95.262512 1.000000 0.734216 0.734216
124.206306 121.120560 95.029259 1.000000 0.650168 0.650168
124.195946 122.096642 94.812454 1.000000 0.583791 0.583791
124.183701 123.074173 94.602142 1.000000 0.566900 0.566900
124.176559 124.043610 94.358559 1.000000 0.599078 0.599078
124.202065 124.998611 94.064865 1.000000 0.662058 0.662058
124.266022 125.945671 93.750610 1.000000 0.716704 0.716704
124.326553 126.899162 93.456329 1.000000 0.749140 0.749140
124.327431 127.864281 93.198502 1.000000 0.762846 0.762846
124.243355 128.834641 92.977249 1.000000 0.784804 0.784804
124.102547 129.806107 92.787384 1.000000 0.847421 0.847421
124.239075 130.789505 92.667816 1.000000 0.890397 0.890397
124.456238 131.757965 92.585022 1.000000 0.857984 0.857984
124.674278 132.730865 92.554443 1.000000 0.814119 0.814119
124.753090 133.724716 92.564064 1.000000 0.786972 0.786972
124.732788 134.723282 92.606743 1.000000 0.775105 0.775105
124.723602 135.721863 92.640312 1.000000 0.794140 0.794140
124.800140 136.717560 92.642052 1.000000 0.809379 0.809379
124.928101 137.709290 92.641914 1.000000 0.803619 0.803619
125.001961 138.704315 92.671547 1.000000 0.817346 0.817346
124.934975 139.696487 92.736862 1.000000 0.853399 0.853399
124.698769 140.662262 92.799568 1.000000 0.896205 0.896205
26
123.904625 132.131973 93.951881 1.000000 0.870406 0.870406
124.053902 133.113052 94.014999 1.000000 0.833048 0.833048
124.045219 134.106064 94.116013 1.000000 0.816260 0.816260
123.985596 135.097839 94.228813 1.000000 0.829202 0.829202
123.997299 136.092911 94.284889 1.000000 0.849075 0.849075
124.103523 137.085327 94.248009 1.000000 0.847762 0.847762
124.194954 138.078308 94.191818 1.000000 0.844613 0.844613
124.141502 139.070908 94.201675 1.000000 0.849611 0.849611
123.912071 140.038864 94.270485 1.000000 0.849806 0.849806
123.626350 140.995361 94.315125 1.000000 0.868738 0.868738
123.446983 141.972656 94.274109 1.000000 0.881512 0.881512
123.406715 142.963486 94.163773 1.000000 0.877238 0.877238
123.471504 143.951035 94.028328 1.000000 0.867286 0.867286
123.648354 144.921371 93.876854 1.000000 0.853924 0.853924
123.947548 145.858948 93.708572 1.000000 0.847636 0.847636
124.299500 146.775345 93.518555 1.000000 0.836398 0.836398
124.615356 147.694977 93.288902 1.000000 0.801003 0.801003
124.874565 148.619141 93.010460 1.000000 0.778150 0.778150
125.086143 149.537033 92.676956 1.000000 0.796306 0.796306
125.216698 150.439407 92.272446 1.000000 0.831920 0.831920
125.213593 151.302017 91.776588 1.000000 0.850595 0.850595
125.104614 152.088272 91.173920 1.000000 0.850016 0.850016
124.958427 152.782028 90.471504 1.000000 0.830376 0.830376
124.805931 153.395950 89.698166 1.000000 0.813911 0.813911
124.648605 153.958984 88.887093 1.000000 0.817889 0.817889
124.488167 154.512955 88.070221 1.000000 0.847684 0.847684
11
123.817833 134.861862 95.901978 1.000000 0.877475 0.877475
123.949440 133.897202 95.673691 1.000000 0.860459 0.860459
124.053703 132.924805 95.468163 1.000000 0.870361 0.870361
124.076515 131.936966 95.336815 1.000000 0.894512 0.894512
124.118034 130.944794 95.345039 1.000000 0.891572 0.891572
124.322739 129.988205 95.523140 1.000000 0.826446 0.826446
124.568085 129.063660 95.810822 1.000000 0.803162 0.803162
124.707298 128.141129 96.160751 1.000000 0.815596 0.815596
124.679893 127.235222 96.571236 1.000000 0.816676 0.816676
124.499397 126.371208 97.036209 1.000000 0.814997 0.814997
124.248962 125.543945 97.538765 1.000000 0.857884 0.857884
10
123.494308 141.030334 94.877922 1.000000 0.876997 0.876997
123.806061 140.081055 94.855019 1.000000 0.855554 0.855554
124.058983 139.117538 94.813103 1.000000 0.867214 0.867214
124.123680 138.126633 94.832870 1.000000 0.869692 0.869692
124.028816 137.135406 94.908440 1.000000 0.869826 0.869826
123.910698 136.144669 94.928825 1.000000 0.869210 0.869210
123.892418 135.153595 94.829048 1.000000 0.845544 0.845544
123.981346 134.169586 94.674713 1.000000 0.825644 0.825644
124.026802 133.181061 94.538582 1.000000 0.839173 0.839173
123.940567 132.193359 94.445839 1.000000 0.872327 0.872327
37
123.889481 154.926971 88.955627 1.000000 0.892819 0.892819
124.195335 154.248184 89.620880 1.000000 0.868593 0.868593
124.469398 153.606995 90.337463 1.000000 0.859533 0.859533
124.726288 152.941284 91.037323 1.000000 0.866798 0.866798
124.976059 152.211502 91.671371 1.000000 0.877577 0.877577
125.179741 151.402359 92.217148 1.000000 0.871738 0.871738
125.241714 150.524811 92.677109 1.000000 0.851009 0.851009
125.123528 149.613358 93.061882 1.000000 0.809723 0.809723
124.899658 148.693954 93.382759 1.000000 0.789738 0.789738
124.622086 147.771912 93.650200 1.000000 0.813190 0.813190
124.290726 146.854614 93.867477 1.000000 0.848845 0.848845
123.929565 145.939331 94.045288 1.000000 0.860046 0.860046
123.623436 145.002502 94.205162 1.000000 0.864417 0.864417
123.441185 144.032761 94.353477 1.000000 0.879935 0.879935
123.378571 143.045425 94.489578 1.000000 0.890031 0.890031
123.431160 142.056335 94.607056 1.000000 0.890441 0.890441
123.631027 141.084030 94.663956 1.000000 0.870079 0.870079
123.939217 140.133667 94.640656 1.000000 0.847453 0.847453
124.188370 139.169220 94.593895 1.000000 0.853987 0.853987
124.258194 138.177856 94.605225 1.000000 0.853568 0.853568
124.174812 137.185562 94.679329 1.000000 0.850860 0.850860
124.062431 136.194061 94.721184 1.000000 0.850468 0.850468
124.104820 135.200958 94.611885 1.000000 0.823052 0.823052
124.168159 134.210281 94.493553 1.000000 0.805743 0.805743
124.213402 133.218002 94.386192 1.000000 0.819173 0.819173
124.142639 132.225998 94.320572 1.000000 0.854001 0.854001
123.998940 131.237747 94.324577 1.000000 0.886629 0.886629
124.035469 130.260529 94.443970 1.000000 0.840534 0.840534
124.235847 129.308167 94.670181 1.000000 0.776614 0.776614
124.405640 128.367294 94.958305 1.000000 0.770478 0.770478
124.462746 127.431824 95.298988 1.000000 0.767827 0.767827
124.396736 126.515862 95.689880 1.000000 0.748014 0.748014
124.258728 125.620186 96.112251 1.000000 0.752539 0.752539
124.134178 124.719360 96.526733 1.000000 0.791806 0.791806
124.089813 123.784729 96.871254 1.000000 0.833035 0.833035
124.115128 122.819519 97.128098 1.000000 0.848859 0.848859
124.152603 121.847420 97.359390 1.000000 0.868067 0.868067
14
123.098297 142.398651 92.050514 1.000000 0.887007 0.887007
123.325600 143.369080 91.980820 1.000000 0.866805 0.866805
123.542297 144.338684 91.871834 1.000000 0.859212 0.859212
123.844696 145.277420 91.724991 1.000000 0.851447 0.851447
124.231979 146.175049 91.514603 1.000000 0.840579 0.840579
124.553406 147.088760 91.276985 1.000000 0.835043 0.835043
124.749802 148.022903 90.986084 1.000000 0.829341 0.829341
124.863800 148.950241 90.632462 1.000000 0.841266 0.841266
124.963486 149.840561 90.191994 1.000000 0.852527 0.852527
125.081703 150.667709 89.646896 1.000000 0.858939 0.858939
125.194328 151.413940 88.994781 1.000000 0.859197 0.859197
125.266876 152.073715 88.250305 1.000000 0.855704 0.855704
125.293564 152.651550 87.436691 1.000000 0.855635 0.855635
125.303528 153.154907 86.573761 1.000000 0.875037 0.875037
13
124.129242 144.612289 94.500710 1.000000 0.892201 0.892201
124.449486 145.544281 94.339859 1.000000 0.878327 0.878327
124.808052 146.460251 94.161209 1.000000 0.858197 0.858197
125.116356 147.384384 93.939606 1.000000 0.806723 0.806723
125.366570 148.315063 93.674316 1.000000 0.767178 0.767178
125.573906 149.245483 93.373207 1.000000 0.779832 0.779832
125.707382 150.174469 93.032509 1.000000 0.829561 0.829561
125.668663 151.085861 92.639679 1.000000 0.859700 0.859700
125.434059 151.942596 92.188110 1.000000 0.866749 0.866749
125.105591 152.728348 91.667465 1.000000 0.867607 0.867607
124.759468 153.448593 91.068535 1.000000 0.860837 0.860837
124.402504 154.126740 90.426346 1.000000 0.864353 0.864353
123.959671 154.846176 89.891251 1.000000 0.883913 0.883913
14
124.706001 98.075279 84.203827 1.000000 0.849805 0.849805
124.954750 97.181274 83.831154 1.000000 0.802072 0.802072
125.167870 96.276382 83.464645 1.000000 0.753422 0.753422
125.370834 95.363686 83.111305 1.000000 0.726694 0.726694
125.666763 94.467560 82.787209 1.000000 0.708185 0.708185
126.068871 93.601166 82.494629 1.000000 0.725412 0.725412
126.525620 92.758743 82.209145 1.000000 0.784987 0.784987
127.000923 91.925575 81.926552 1.000000 0.814559 0.814559
127.493439 91.096046 81.663979 1.000000 0.802006 0.802006
128.003418 90.269951 81.424454 1.000000 0.800473 0.800473
128.523560 89.441795 81.216988 1.000000 0.825613 0.825613
129.045837 88.603020 81.066994 1.000000 0.853099 0.853099
129.548248 87.745018 80.962738 1.000000 0.876728 0.876728
129.989822 86.853806 80.868507 1.000000 0.894038 0.894038
11
125.171776 98.895004 84.728668 1.000000 0.885972 0.885972
125.711227 98.143394 84.349236 1.000000 0.854376 0.854376
126.205040 97.350533 83.996056 1.000000 0.830485 0.830485
126.612968 96.494080 83.682159 1.000000 0.760237 0.760237
127.006523 95.616989 83.408478 1.000000 0.687039 0.687039
127.445808 94.751335 83.169937 1.000000 0.706622 0.706622
127.910843 93.892990 82.953331 1.000000 0.790289 0.790289
128.377869 93.031288 82.755272 1.000000 0.844321 0.844321
128.861862 92.173973 82.581802 1.000000 0.858167 0.858167
129.412872 91.352180 82.450462 1.000000 0.871236 0.871236
130.089600 90.626114 82.411964 1.000000 0.897861 0.897861
20
123.536034 109.687119 89.515579 1.000000 0.895989 0.895989
123.741753 108.717659 89.402679 1.000000 0.863404 0.863404
123.987450 107.761444 89.247765 1.000000 0.811800 0.811800
124.176842 106.798355 89.058990 1.000000 0.723313 0.723313
124.329300 105.830208 88.860535 1.000000 0.665018 0.665018
124.473038 104.861877 88.656456 1.000000 0.664592 0.664592
124.610115 103.896500 88.434967 1.000000 0.673708 0.673708
124.742027 102.938133 88.182457 1.000000 0.685899 0.685899
124.899437 101.994461 87.893150 1.000000 0.710955 0.710955
125.163300 101.085678 87.569901 1.000000 0.756896 0.756896
125.476425 100.196854 87.239647 1.000000 0.781697 0.781697
125.877945 99.347771 86.898232 1.000000 0.780883 0.780883
126.312866 98.512901 86.561028 1.000000 0.792825 0.792825
126.712601 97.649872 86.255142 1.000000 0.804350 0.804350
127.051765 96.745720 85.998947 1.000000 0.796480 0.796480
127.356743 95.816849 85.789810 1.000000 0.791842 0.791842
127.658417 94.884956 85.588753 1.000000 0.801789 0.801789
127.947647 93.962105 85.337891 1.000000 0.827510 0.827510
128.187225 93.046532 85.018326 1.000000 0.851237 0.851237
128.379135 92.123222 84.686470 1.000000 0.876726 0.876726
12
124.497986 107.751701 88.848885 1.000000 0.847329 0.847329
124.671967 106.794052 88.621078 1.000000 0.722345 0.722345
124.817009 105.830162 88.397827 1.000000 0.650596 0.650596
124.960541 104.863770 88.184601 1.000000 0.651905 0.651905
125.095505 103.896889 87.968338 1.000000 0.673074 0.673074
125.244171 102.941727 87.712303 1.000000 0.704691 0.704691
125.444527 102.002930 87.437996 1.000000 0.745232 0.745232
125.761719 101.101082 87.150627 1.000000 0.806678 0.806678
126.221870 100.265739 86.862411 1.000000 0.800141 0.800141
126.801323 99.503654 86.575661 1.000000 0.797223 0.797223
127.412308 98.754478 86.321770 1.000000 0.848661 0.848661
127.980576 97.955704 86.133125 1.000000 0.889372 0.889372
24
125.248367 119.028412 96.566612 1.000000 0.885089 0.885089
125.159798 119.989906 96.316025 1.000000 0.802503 0.802503
125.152237 120.949081 96.034393 1.000000 0.714718 0.714718
125.178574 121.917358 95.787582 1.000000 0.648042 0.648042
125.219772 122.893700 95.575569 1.000000 0.590783 0.590783
125.270172 123.866074 95.348969 1.000000 0.565593 0.565593
125.331596 124.825066 95.073738 1.000000 0.582851 0.582851
125.402733 125.773788 94.765884 1.000000 0.608655 0.608655
125.467392 126.724823 94.464172 1.000000 0.641200 0.641200
125.500473 127.686928 94.195229 1.000000 0.658354 0.658354
125.487724 128.657730 93.957184 1.000000 0.673064 0.673064
125.439896 129.632675 93.740372 1.000000 0.717257 0.717257
125.410301 130.614563 93.557304 1.000000 0.769209 0.769209
125.449677 131.604218 93.430077 1.000000 0.758515 0.758515
125.509018 132.599136 93.352386 1.000000 0.696177 0.696177
125.526451 133.597641 93.311890 1.000000 0.666949 0.666949
125.502136 134.597137 93.304108 1.000000 0.652945 0.652945
125.482155 135.596695 93.314117 1.000000 0.665400 0.665400
125.514717 136.595551 93.318993 1.000000 0.701484 0.701484
125.578697 137.593445 93.310349 1.000000 0.712442 0.712442
125.609550 138.592361 93.299065 1.000000 0.746674 0.746674
125.555519 139.589462 93.303268 1.000000 0.800256 0.800256
125.368042 140.568604 93.314346 1.000000 0.854927 0.854927
125.039894 141.509949 93.282654 1.000000 0.895708 0.895708
21
124.964294 123.050743 97.945023 1.000000 0.885908 0.885908
125.154015 123.984421 97.645691 1.000000 0.829293 0.829293
125.405006 124.887825 97.299706 1.000000 0.767427 0.767427
125.661331 125.778137 96.923676 1.000000 0.698883 0.698883
125.869347 126.678879 96.544189 1.000000 0.695210 0.695210
125.995384 127.604042 96.190315 1.000000 0.701122 0.701122
126.024841 128.549057 95.868568 1.000000 0.700673 0.700673
125.967316 129.498688 95.562660 1.000000 0.709352 0.709352
125.854599 130.449860 95.276237 1.000000 0.731274 0.731274
125.735161 131.414780 95.046638 1.000000 0.741007 0.741007
125.640846 132.399429 94.911522 1.000000 0.698319 0.698319
125.554848 133.394073 94.868637 1.000000 0.687232 0.687232
125.466873 134.390015 94.880051 1.000000 0.686042 0.686042
125.416046 135.387970 94.896729 1.000000 0.695341 0.695341
125.443054 136.385742 94.869774 1.000000 0.703625 0.703625
125.515724 137.378876 94.782982 1.000000 0.714990 0.714990
125.568855 138.369980 94.663307 1.000000 0.741048 0.741048
125.557274 139.362823 94.552902 1.000000 0.779708 0.779708
125.437256 140.350037 94.470497 1.000000 0.822994 0.822994
125.170143 141.306396 94.383003 1.000000 0.857595 0.857595
124.814468 142.231827 94.255463 1.000000 0.889994 0.889994
11
125.236565 125.965660 98.552467 1.000000 0.855782 0.855782
125.634155 126.766273 98.109581 1.000000 0.831740 0.831740
125.894051 127.633530 97.694557 1.000000 0.835788 0.835788
125.989189 128.549194 97.313660 1.000000 0.823539 0.823539
125.934158 129.477188 96.950127 1.000000 0.806826 0.806826
125.770966 130.402771 96.611595 1.000000 0.802099 0.802099
125.549530 131.342880 96.361336 1.000000 0.817141 0.817141
125.322792 132.308212 96.280083 1.000000 0.808115 0.808115
125.097366 133.276123 96.369850 1.000000 0.821956 0.821956
124.891144 134.237289 96.550270 1.000000 0.855298 0.855298
124.799072 135.213379 96.723160 1.000000 0.889817 0.889817
13
124.997139 144.036911 91.716751 1.000000 0.898308 0.898308
125.540543 144.868713 91.603935 1.000000 0.873363 0.873363
126.013596 145.733688 91.458130 1.000000 0.849068 0.849068
126.348045 146.652222 91.263237 1.000000 0.815860 0.815860
126.564079 147.596497 91.020317 1.000000 0.791694 0.791694
126.716270 148.541473 90.732140 1.000000 0.785161 0.785161
126.823563 149.473633 90.389206 1.000000 0.798408 0.798408
126.830750 150.362549 89.943771 1.000000 0.818514 0.818514
126.710197 151.147949 89.349106 1.000000 0.807451 0.807451
126.535385 151.817154 88.630219 1.000000 0.792351 0.792351
126.368935 152.400574 87.836716 1.000000 0.797683 0.797683
126.226913 152.913986 86.991562 1.000000 0.824912 0.824912
126.125481 153.350449 86.099358 1.000000 0.867166 0.867166
14
125.180771 144.849167 93.515778 1.000000 0.887388 0.887388
125.485542 145.776352 93.300476 1.000000 0.850018 0.850018
125.718117 146.713730 93.047058 1.000000 0.777485 0.777485
125.883148 147.655670 92.756065 1.000000 0.717976 0.717976
126.018791 148.592575 92.434296 1.000000 0.717397 0.717397
126.130112 149.520462 92.079384 1.000000 0.757537 0.757537
126.169418 150.428680 91.668381 1.000000 0.795340 0.795340
126.094841 151.281464 91.160332 1.000000 0.801307 0.801307
125.949997 152.041733 90.532387 1.000000 0.784983 0.784983
125.795235 152.706223 89.803612 1.000000 0.761028 0.761028
125.642586 153.292358 89.009102 1.000000 0.756952 0.756952
125.489555 153.816422 88.171867 1.000000 0.774411 0.774411
125.352219 154.298126 87.306686 1.000000 0.819550 0.819550
125.264709 154.763657 86.426674 1.000000 0.881942 0.881942
23
125.281929 137.375656 98.005737 1.000000 0.897886 0.897886
125.638412 138.131638 97.461861 1.000000 0.855708 0.855708
125.909508 138.974869 97.001907 1.000000 0.826699 0.826699
126.124580 139.869690 96.612358 1.000000 0.832914 0.832914
126.313705 140.780624 96.245804 1.000000 0.868392 0.868392
126.466988 141.690628 95.862503 1.000000 0.895536 0.895536
126.505730 142.601761 95.465683 1.000000 0.891014 0.891014
126.400032 143.513336 95.072189 1.000000 0.884398 0.884398
126.286530 144.435303 94.707558 1.000000 0.893538 0.893538
126.304535 145.381927 94.394455 1.000000 0.868463 0.868463
126.409828 146.335373 94.112305 1.000000 0.803794 0.803794
126.527374 147.285294 93.823006 1.000000 0.743651 0.743651
126.635887 148.228210 93.508553 1.000000 0.733297 0.733297
126.731514 149.164307 93.170242 1.000000 0.762878 0.762878
126.788162 150.094543 92.809174 1.000000 0.805261 0.805261
126.735809 151.001678 92.400299 1.000000 0.831333 0.831333
126.546234 151.849686 91.912148 1.000000 0.820534 0.820534
126.283821 152.620499 91.335037 1.000000 0.799430 0.799430
126.010735 153.318985 90.675636 1.000000 0.773330 0.773330
125.737526 153.951538 89.952217 1.000000 0.761703 0.761703
125.467087 154.533920 89.186012 1.000000 0.785512 0.785512
125.215637 155.104126 88.404083 1.000000 0.833415 0.833415
125.030853 155.782028 87.692535 1.000000 0.898191 0.898191
11
125.490089 107.804001 89.520638 1.000000 0.848602 0.848602
125.651642 106.848701 89.274506 1.000000 0.730441 0.730441
125.869202 105.902832 89.035759 1.000000 0.666596 0.666596
126.137192 104.961517 88.830544 1.000000 0.673059 0.673059
126.397247 104.017609 88.627220 1.000000 0.706983 0.706983
126.671478 103.077538 88.426003 1.000000 0.724558 0.724558
127.035767 102.171814 88.221069 1.000000 0.745830 0.745830
127.519684 101.327408 87.999161 1.000000 0.778400 0.778400
128.086365 100.542007 87.753143 1.000000 0.814369 0.814369
128.709137 99.802231 87.500061 1.000000 0.848857 0.848857
129.394211 99.112885 87.270020 1.000000 0.884278 0.884278
33
126.237511 140.873520 92.634628 1.000000 0.894664 0.894664
126.297478 139.876129 92.613152 1.000000 0.831649 0.831649
126.303482 138.876587 92.589386 1.000000 0.766746 0.766746
126.274841 137.877792 92.555786 1.000000 0.724939 0.724939
126.213120 136.881378 92.501808 1.000000 0.712398 0.712398
126.138573 135.885605 92.450165 1.000000 0.693856 0.693856
126.087212 134.887497 92.430740 1.000000 0.671964 0.671964
126.050842 133.888351 92.445335 1.000000 0.660666 0.660666
125.991096 132.890961 92.480034 1.000000 0.679054 0.679054
125.873482 131.899719 92.526672 1.000000 0.738218 0.738218
125.713615 130.914749 92.590744 1.000000 0.783259 0.783259
125.592598 129.928528 92.689720 1.000000 0.778450 0.778450
125.543549 128.939590 92.826744 1.000000 0.733591 0.733591
125.514999 127.953003 92.987144 1.000000 0.707610 0.707610
125.483582 126.969788 93.166542 1.000000 0.704707 0.704707
125.459030 125.990868 93.368744 1.000000 0.686686 0.686686
125.449677 125.014679 93.585274 1.000000 0.640773 0.640773
125.444595 124.035225 93.785973 1.000000 0.571672 0.571672
125.422043 123.049858 93.953629 1.000000 0.517073 0.517073
125.382011 122.063271 94.111694 1.000000 0.519204 0.519204
125.346458 121.081406 94.296455 1.000000 0.571195 0.571195
125.335297 120.105118 94.511864 1.000000 0.656547 0.656547
125.364876 119.127556 94.717918 1.000000 0.740264 0.740264
125.446846 118.142654 94.861710 1.000000 0.790587 0.790587
125.560852 117.152321 94.936188 1.000000 0.788882 0.788882
125.674408 116.159676 94.976868 1.000000 0.758924 0.758924
125.778831 115.165443 94.989082 1.000000 0.725678 0.725678
125.876236 114.170929 94.958572 1.000000 0.720936 0.720936
125.971603 113.177010 94.903503 1.000000 0.750449 0.750449
126.108429 112.186821 94.875252 1.000000 0.796555 0.796555
126.276001 111.201675 94.857170 1.000000 0.831274 0.831274
126.480400 110.223091 94.836288 1.000000 0.856369 0.856369
126.645103 109.238876 94.790314 1.000000 0.886652 0.886652
59
127.795410 107.980881 94.782623 1.000000 0.898172 0.898172
127.676720 108.972801 94.823738 1.000000 0.850122 0.850122
127.520294 109.959862 94.851685 1.000000 0.822083 0.822083
127.322510 110.939751 94.863960 1.000000 0.810701 0.810701
127.092377 111.912483 94.886650 1.000000 0.794941 0.794941
126.860542 112.883957 94.934837 1.000000 0.765654 0.765654
126.648651 113.859619 94.989998 1.000000 0.739766 0.739766
126.457085 114.840332 95.022308 1.000000 0.726786 0.726786
126.281563 115.824387 95.010544 1.000000 0.737910 0.737910
126.125488 116.810226 94.954010 1.000000 0.750623 0.750623
125.995468 117.796638 94.856964 1.000000 0.751001 0.751001
125.935890 118.778656 94.677826 1.000000 0.708881 0.708881
125.900719 119.757233 94.477577 1.000000 0.638556 0.638556
125.906052 120.732315 94.256355 1.000000 0.561947 0.561947
125.937195 121.709831 94.048592 1.000000 0.520162 0.520162
125.976181 122.692505 93.867920 1.000000 0.520745 0.520745
125.996048 123.678085 93.700752 1.000000 0.555388 0.555388
125.987419 124.662178 93.524033 1.000000 0.611989 0.611989
125.974297 125.643684 93.333244 1.000000 0.661002 0.661002
125.983742 126.625603 93.144920 1.000000 0.681925 0.681925
126.021133 127.609772 92.972412 1.000000 0.677649 0.677649
126.076118 128.596222 92.818214 1.000000 0.686379 0.686379
126.149963 129.584290 92.684387 1.000000 0.721179 0.721179
126.269905 130.570572 92.577141 1.000000 0.734742 0.734742
126.425789 131.554825 92.494827 1.000000 0.698718 0.698718
126.562080 132.542709 92.424500 1.000000 0.626401 0.626401
126.662460 133.535019 92.353142 1.000000 0.586332 0.586332
126.761574 134.527435 92.281090 1.000000 0.618399 0.618399
126.878494 135.519196 92.236725 1.000000 0.670544 0.670544
126.975365 136.513474 92.252731 1.000000 0.691530 0.691530
127.018379 137.510757 92.306763 1.000000 0.692755 0.692755
127.035217 138.509628 92.346748 1.000000 0.726409 0.726409
127.071243 139.508652 92.363182 1.000000 0.785003 0.785003
127.150078 140.505066 92.382133 1.000000 0.828975 0.828975
127.259689 141.498581 92.410629 1.000000 0.850762 0.850762
127.362541 142.492691 92.410072 1.000000 0.853175 0.853175
127.451759 143.484787 92.336067 1.000000 0.833728 0.833728
127.570763 144.465912 92.188972 1.000000 0.796973 0.796973
127.747253 145.432678 92.006073 1.000000 0.758071 0.758071
127.967300 146.389160 91.815002 1.000000 0.735643 0.735643
128.200211 147.339905 91.610855 1.000000 0.734473 0.734473
128.424408 148.288330 91.387054 1.000000 0.755758 0.755758
128.637680 149.235916 91.149284 1.000000 0.781412 0.781412
128.832520 150.177261 90.875877 1.000000 0.809185 0.809185
128.945602 151.091644 90.500549 1.000000 0.832817 0.832817
128.883087 151.926880 89.970383 1.000000 0.812412 0.812412
128.669586 152.640121 89.308525 1.000000 0.771080 0.771080
128.415909 153.249359 88.559425 1.000000 0.754519 0.754519
128.188187 153.770859 87.739265 1.000000 0.757451 0.757451
128.006927 154.198654 86.855927 1.000000 0.756082 0.756082
127.875107 154.523483 85.921425 1.000000 0.747512 0.747512
127.794403 154.745850 84.951469 1.000000 0.739314 0.739314
127.757774 154.868896 83.961121 1.000000 0.737929 0.737929
127.749733 154.883636 82.962914 1.000000 0.749188 0.749188
127.760643 154.767181 81.972298 1.000000 0.767278 0.767278
127.793762 154.491699 81.015465 1.000000 0.785545 0.785545
127.857414 154.053680 80.122787 1.000000 0.803192 0.803192
127.952019 153.494537 79.301224 1.000000 0.833456 0.833456
128.073181 152.864868 78.534767 1.000000 0.880711 0.880711
23
126.148994 120.792564 97.507889 1.000000 0.897488 0.897488
126.266975 121.730415 97.183540 1.000000 0.851545 0.851545
126.415726 122.677116 96.898331 1.000000 0.802804 0.802804
126.557571 123.628113 96.623787 1.000000 0.743215 0.743215
126.678909 124.575569 96.328445 1.000000 0.682260 0.682260
126.781296 125.516792 96.006828 1.000000 0.628668 0.628668
126.867470 126.455658 95.673637 1.000000 0.593926 0.593926
126.926971 127.399910 95.350555 1.000000 0.579649 0.579649
126.946243 128.353424 95.050949 1.000000 0.578759 0.578759
126.929710 129.312210 94.767647 1.000000 0.600088 0.600088
126.899010 130.272141 94.489098 1.000000 0.624965 0.624965
126.871033 131.235245 94.221664 1.000000 0.614624 0.614624
126.849266 132.206100 93.983932 1.000000 0.566986 0.566986
126.833282 133.186340 93.788177 1.000000 0.521185 0.521185
126.825897 134.173676 93.630775 1.000000 0.530329 0.530329
126.822968 135.166260 93.511284 1.000000 0.597826 0.597826
126.804268 136.163361 93.446632 1.000000 0.636632 0.636632
126.763519 137.162186 93.423920 1.000000 0.631663 0.631663
126.720680 138.160767 93.396385 1.000000 0.649123 0.649123
126.687889 139.159103 93.349327 1.000000 0.714063 0.714063
126.652588 140.157410 93.304588 1.000000 0.785156 0.785156
126.587158 141.154282 93.266159 1.000000 0.843506 0.843506
126.466888 142.142975 93.189896 1.000000 0.885964 0.885964
37
126.145294 121.827469 97.586617 1.000000 0.882292 0.882292
126.345871 122.764603 97.301430 1.000000 0.837267 0.837267
126.542183 123.704414 97.022041 1.000000 0.782369 0.782369
126.711800 124.641525 96.717903 1.000000 0.725875 0.725875
126.849335 125.575089 96.387405 1.000000 0.674242 0.674242
126.956764 126.509209 96.047363 1.000000 0.635324 0.635324
127.027184 127.450325 95.717613 1.000000 0.612857 0.612857
127.052177 128.400375 95.407631 1.000000 0.605546 0.605546
127.039001 129.354080 95.107475 1.000000 0.617545 0.617545
127.009216 130.306702 94.804825 1.000000 0.633981 0.633981
126.978752 131.260986 94.507607 1.000000 0.620614 0.620614
126.951508 132.223709 94.239433 1.000000 0.577194 0.577194
126.928505 133.198349 94.018578 1.000000 0.532657 0.532657
126.912827 134.182526 93.843300 1.000000 0.540578 0.540578
126.899284 135.173264 93.710342 1.000000 0.607498 0.607498
126.867676 136.169159 93.633499 1.000000 0.642598 0.642598
126.815361 137.167114 93.598358 1.000000 0.630249 0.630249
126.765892 138.164917 93.557671 1.000000 0.642710 0.642710
126.730812 139.162445 93.497383 1.000000 0.705761 0.705761
126.696167 140.160141 93.440025 1.000000 0.776609 0.776609
126.634377 141.156769 93.390221 1.000000 0.834630 0.834630
126.518784 142.145248 93.304367 1.000000 0.876246 0.876246
126.381477 143.122208 93.146324 1.000000 0.896401 0.896401
126.349930 144.096283 92.940704 1.000000 0.888390 0.888390
126.436340 145.065186 92.713432 1.000000 0.846088 0.846088
126.562599 146.026810 92.470001 1.000000 0.781673 0.781673
126.680893 146.983597 92.204971 1.000000 0.725881 0.725881
126.783539 147.932724 91.907936 1.000000 0.715738 0.715738
126.877754 148.871429 91.576797 1.000000 0.736761 0.736761
126.939674 149.795761 91.202545 1.000000 0.767231 0.767231
126.905525 150.676300 90.739891 1.000000 0.785678 0.785678
126.761154 151.463303 90.148911 1.000000 0.767108 0.767108
126.573212 152.146149 89.445854 1.000000 0.743088 0.743088
126.390511 152.748291 88.669968 1.000000 0.739038 0.739038
126.218361 153.282288 87.843185 1.000000 0.759722 0.759722
126.068466 153.750824 86.973534 1.000000 0.805632 0.805632
125.972992 154.151520 86.063965 1.000000 0.861687 0.861687
19
125.796638 126.238861 98.863503 1.000000 0.868242 0.868242
126.191879 127.044350 98.430870 1.000000 0.868502 0.868502
126.435570 127.925545 98.035507 1.000000 0.868597 0.868597
126.531166 128.845490 97.661682 1.000000 0.851660 0.851660
126.509941 129.767822 97.278282 1.000000 0.826448 0.826448
126.409981 130.688370 96.902252 1.000000 0.808070 0.808070
126.250999 131.625565 96.597549 1.000000 0.798045 0.798045
126.059090 132.590073 96.438057 1.000000 0.794892 0.794892
125.850235 133.565750 96.437820 1.000000 0.808108 0.808108
125.660568 134.542725 96.528748 1.000000 0.852686 0.852686
125.617744 135.531891 96.574318 1.000000 0.879321 0.879321
125.753403 136.509430 96.461594 1.000000 0.845366 0.845366
125.934204 137.465530 96.234795 1.000000 0.790351 0.790351
126.082832 138.417801 95.968994 1.000000 0.754263 0.754263
126.193192 139.376450 95.707520 1.000000 0.766862 0.766862
126.267982 140.342712 95.461792 1.000000 0.819020 0.819020
126.284492 141.311050 95.215919 1.000000 0.867553 0.867553
126.182014 142.263901 94.940338 1.000000 0.882700 0.882700
125.960999 143.188522 94.631966 1.000000 0.897047 0.897047
10
124.838722 131.264038 91.334854 1.000000 0.894082 0.894082
125.247871 132.173874 91.320992 1.000000 0.858304 0.858304
125.511452 133.133072 91.348373 1.000000 0.831398 0.831398
125.632294 134.122528 91.405281 1.000000 0.811036 0.811036
125.709915 135.116226 91.484924 1.000000 0.802516 0.802516
125.917374 136.087753 91.599411 1.000000 0.797355 0.797355
126.138519 137.054947 91.723190 1.000000 0.787166 0.787166
126.328941 138.028198 91.843895 1.000000 0.794696 0.794696
126.457581 139.015198 91.934517 1.000000 0.828927 0.828927
126.576775 140.005707 92.001640 1.000000 0.875355 0.875355
34
125.985130 126.590912 98.979424 1.000000 0.884889 0.884889
126.349815 127.408264 98.543549 1.000000 0.891053 0.891053
126.553978 128.300018 98.148598 1.000000 0.887253 0.887253
126.616470 129.217239 97.760849 1.000000 0.864995 0.864995
126.576530 130.131302 97.359367 1.000000 0.836935 0.836935
126.464104 131.050629 96.985527 1.000000 0.818292 0.818292
126.295204 131.994308 96.712784 1.000000 0.811120 0.811120
126.092377 132.962463 96.602966 1.000000 0.810974 0.810974
125.870514 133.934525 96.645256 1.000000 0.836316 0.836316
125.702713 134.912643 96.746185 1.000000 0.887899 0.887899
125.737244 135.897980 96.742058 1.000000 0.892855 0.892855
125.935272 136.850128 96.509293 1.000000 0.838735 0.838735
126.117523 137.799332 96.254211 1.000000 0.778884 0.778884
126.262344 138.750427 95.982117 1.000000 0.752661 0.752661
126.376907 139.708511 95.719948 1.000000 0.779399 0.779399
126.468163 140.671097 95.465088 1.000000 0.834133 0.834133
126.506516 141.633255 95.198441 1.000000 0.868503 0.868503
126.434174 142.581818 94.897514 1.000000 0.872328 0.872328
126.270493 143.511154 94.567024 1.000000 0.881922 0.881922
126.174164 144.449463 94.246391 1.000000 0.891495 0.891495
126.220116 145.403107 93.958221 1.000000 0.858252 0.858252
126.331131 146.358063 93.683205 1.000000 0.786529 0.786529
126.444901 147.308258 93.393402 1.000000 0.722733 0.722733
126.550232 148.250824 93.076813 1.000000 0.714144 0.714144
126.646309 149.185593 92.735023 1.000000 0.746084 0.746084
126.700417 150.111588 92.363670 1.000000 0.789032 0.789032
126.645302 151.005997 91.929131 1.000000 0.810201 0.810201
126.470963 151.829529 91.396240 1.000000 0.795150 0.795150
126.247299 152.565643 90.760536 1.000000 0.769876 0.769876
126.021805 153.223236 90.043243 1.000000 0.745340 0.745340
125.797607 153.813293 89.268623 1.000000 0.749733 0.749733
125.578499 154.350662 88.454620 1.000000 0.778343 0.778343
125.383827 154.864761 87.619492 1.000000 0.831462 0.831462
125.246712 155.404572 86.790497 1.000000 0.896754 0.896754
23
126.238548 137.867615 97.842743 1.000000 0.871983 0.871983
126.583832 138.710861 97.436775 1.000000 0.844372 0.844372
126.891907 139.593887 97.083244 1.000000 0.842078 0.842078
127.217148 140.472015 96.733238 1.000000 0.853140 0.853140
127.563675 141.339691 96.376793 1.000000 0.852222 0.852222
127.878349 142.225632 96.039017 1.000000 0.825731 0.825731
128.109390 143.142288 95.717392 1.000000 0.777321 0.777321
128.248611 144.079590 95.400124 1.000000 0.704354 0.704354
128.336502 145.027832 95.095436 1.000000 0.644803 0.644803
128.402634 145.981888 94.803360 1.000000 0.648560 0.648560
128.447464 146.932709 94.497589 1.000000 0.685861 0.685861
128.466599 147.869690 94.150078 1.000000 0.738321 0.738321
128.472275 148.790680 93.760979 1.000000 0.806744 0.806744
128.497528 149.699417 93.345016 1.000000 0.841076 0.841076
128.546143 150.592316 92.897987 1.000000 0.857477 0.857477
128.560730 151.456924 92.398575 1.000000 0.875875 0.875875
128.455368 152.270889 91.833900 1.000000 0.876894 0.876894
128.210678 153.015427 91.216393 1.000000 0.861589 0.861589
127.898766 153.702911 90.561317 1.000000 0.855534 0.855534
127.578232 154.343384 89.864243 1.000000 0.866561 0.866561
127.277809 154.929047 89.112709 1.000000 0.881326 0.881326
127.033714 155.459351 88.302559 1.000000 0.891719 0.891719
126.891708 155.946198 87.443321 1.000000 0.897988 0.897988
16
125.546783 138.353485 99.164200 1.000000 0.898647 0.898647
125.974670 139.076004 98.621162 1.000000 0.888806 0.888806
126.395958 139.825928 98.113121 1.000000 0.882423 0.882423
126.843323 140.574753 97.625519 1.000000 0.879889 0.879889
127.333199 141.300537 97.142921 1.000000 0.868295 0.868295
127.813179 142.065247 96.718758 1.000000 0.846555 0.846555
128.220795 142.904724 96.368729 1.000000 0.804029 0.804029
128.519211 143.807434 96.066315 1.000000 0.735268 0.735268
128.719727 144.747421 95.793648 1.000000 0.666647 0.666647
128.853668 145.704865 95.539635 1.000000 0.658391 0.658391
128.929779 146.664124 95.269920 1.000000 0.697361 0.697361
128.950806 147.607758 94.942818 1.000000 0.747022 0.747022
128.936111 148.526703 94.550217 1.000000 0.823820 0.823820
128.927429 149.425156 94.111977 1.000000 0.875161 0.875161
128.967911 150.308151 93.645645 1.000000 0.884880 0.884880
129.058914 151.174744 93.155510 1.000000 0.895482 0.895482
16
126.619102 143.318069 95.770622 1.000000 0.899047 0.899047
126.556847 144.214264 95.332664 1.000000 0.891394 0.891394
126.542236 145.141541 94.967323 1.000000 0.877720 0.877720
126.624550 146.089966 94.663208 1.000000 0.829225 0.829225
126.738602 147.040375 94.373940 1.000000 0.777357 0.777357
126.844841 147.984512 94.062630 1.000000 0.762642 0.762642
126.932632 148.921249 93.724045 1.000000 0.785058 0.785058
126.996635 149.853943 93.369431 1.000000 0.820669 0.820669
126.983185 150.776413 92.988823 1.000000 0.854498 0.854498
126.824425 151.659500 92.557404 1.000000 0.858099 0.858099
126.538765 152.479919 92.065712 1.000000 0.836410 0.836410
126.206825 153.240601 91.509941 1.000000 0.815410 0.815410
125.875229 153.911758 90.846924 1.000000 0.792826 0.792826
125.540314 154.562347 90.165894 1.000000 0.795672 0.795672
125.212212 155.196014 89.465370 1.000000 0.833080 0.833080
124.915298 155.881287 88.803360 1.000000 0.889278 0.889278
48
126.885780 119.838799 96.891953 1.000000 0.865962 0.865962
126.933670 120.779861 96.557137 1.000000 0.819629 0.819629
126.992569 121.724968 96.236237 1.000000 0.776507 0.776507
127.052879 122.678810 95.942612 1.000000 0.730718 0.730718
127.092178 123.639488 95.668037 1.000000 0.674285 0.674285
127.116829 124.600121 95.391418 1.000000 0.616143 0.616143
127.143631 125.555397 95.097221 1.000000 0.566197 0.566197
127.180672 126.506157 94.789551 1.000000 0.537149 0.537149
127.214645 127.459511 94.489952 1.000000 0.529964 0.529964
127.229057 128.421234 94.217033 1.000000 0.538650 0.538650
127.230141 129.389252 93.966278 1.000000 0.569099 0.569099
127.239983 130.359283 93.723701 1.000000 0.593352 0.593352
127.269508 131.330719 93.488487 1.000000 0.579909 0.579909
127.311829 132.305634 93.270355 1.000000 0.520261 0.520261
127.360870 133.284775 93.073547 1.000000 0.469885 0.469885
127.422676 134.266510 92.894012 1.000000 0.511129 0.511129
127.484642 135.253204 92.746216 1.000000 0.605159 0.605159
127.502144 136.248352 92.664894 1.000000 0.641647 0.641647
127.466309 137.247177 92.644867 1.000000 0.626382 0.626382
127.424789 138.246140 92.634285 1.000000 0.649662 0.649662
127.421799 139.245483 92.609161 1.000000 0.717296 0.717296
127.470665 140.243713 92.589714 1.000000 0.774266 0.774266
127.553566 141.240189 92.588470 1.000000 0.803975 0.803975
127.631622 142.236771 92.575172 1.000000 0.813251 0.813251
127.689240 143.231430 92.501907 1.000000 0.802407 0.802407
127.764694 144.217010 92.356064 1.000000 0.774011 0.774011
127.899963 145.189240 92.168114 1.000000 0.741976 0.741976
128.093628 146.150238 91.972038 1.000000 0.725601 0.725601
128.316528 147.103729 91.769424 1.000000 0.728543 0.728543
128.540314 148.053436 91.550652 1.000000 0.752038 0.752038
128.759094 149.002045 91.322037 1.000000 0.781999 0.781999
128.978912 149.946213 91.077118 1.000000 0.806240 0.806240
129.166992 150.875305 90.765411 1.000000 0.837246 0.837246
129.241058 151.766876 90.330620 1.000000 0.851838 0.851838
129.137161 152.567505 89.751717 1.000000 0.835132 0.835132
128.920166 153.248016 89.055748 1.000000 0.812779 0.812779
128.702042 153.827515 88.273071 1.000000 0.805042 0.805042
128.528854 154.310257 87.417084 1.000000 0.792291 0.792291
128.399338 154.685547 86.501503 1.000000 0.761482 0.761482
128.302689 154.951691 85.544075 1.000000 0.723943 0.723943
128.230469 155.120438 84.562134 1.000000 0.698389 0.698389
128.174835 155.201263 83.567886 1.000000 0.698533 0.698533
128.130310 155.188232 82.570183 1.000000 0.727920 0.727920
128.099808 155.061661 81.580605 1.000000 0.766921 0.766921
128.098099 154.791107 80.621452 1.000000 0.799565 0.799565
128.146301 154.364883 79.722183 1.000000 0.816494 0.816494
128.246490 153.820587 78.891487 1.000000 0.835348 0.835348
128.384155 153.209030 78.113144 1.000000 0.867157 0.867157
19
126.901657 144.789413 91.643410 1.000000 0.857650 0.857650
127.272308 145.708496 91.514793 1.000000 0.807697 0.807697
127.596886 146.640869 91.357437 1.000000 0.770411 0.770411
127.884003 147.579697 91.169136 1.000000 0.754205 0.754205
128.136414 148.522583 90.952606 1.000000 0.761574 0.761574
128.352982 149.467865 90.709816 1.000000 0.779686 0.779686
128.500458 150.402344 90.394608 1.000000 0.810588 0.810588
128.490417 151.273178 89.926460 1.000000 0.804783 0.804783
128.305161 152.018112 89.295471 1.000000 0.748238 0.748238
128.049713 152.647308 88.563858 1.000000 0.714839 0.714839
127.799538 153.190033 87.763817 1.000000 0.719778 0.719778
127.582901 153.647400 86.903229 1.000000 0.744854 0.744854
127.416084 154.005753 85.987083 1.000000 0.773045 0.773045
127.320229 154.251465 85.025269 1.000000 0.795627 0.795627
127.301979 154.372559 84.035599 1.000000 0.809124 0.809124
127.339256 154.349564 83.039642 1.000000 0.819015 0.819015
127.403313 154.158051 82.064240 1.000000 0.826578 0.826578
127.475800 153.787796 81.142677 1.000000 0.835847 0.835847
127.541748 153.266251 80.295151 1.000000 0.859284 0.859284
30
127.787468 129.811050 97.769188 1.000000 0.883868 0.883868
127.893456 130.661819 97.254623 1.000000 0.831298 0.831298
127.979729 131.516190 96.742271 1.000000 0.781218 0.781218
128.043777 132.389206 96.259956 1.000000 0.742606 0.742606
128.070801 133.297546 95.846268 1.000000 0.713478 0.713478
128.046738 134.242081 95.524406 1.000000 0.713861 0.713861
127.958656 135.209106 95.292244 1.000000 0.745711 0.745711
127.816818 136.185577 95.134499 1.000000 0.764743 0.764743
127.677544 137.167877 95.010979 1.000000 0.736220 0.736220
127.598419 138.153976 94.870758 1.000000 0.681048 0.681048
127.582748 139.140030 94.707169 1.000000 0.675122 0.675122
127.606903 140.126709 94.547234 1.000000 0.717194 0.717194
127.642731 141.115692 94.403839 1.000000 0.750732 0.750732
127.655968 142.102905 94.247612 1.000000 0.760611 0.760611
127.628853 143.079498 94.037872 1.000000 0.747688 0.747688
127.584389 144.042999 93.774673 1.000000 0.720398 0.720398
127.563087 145.000641 93.488251 1.000000 0.692202 0.692202
127.583405 145.958389 93.202225 1.000000 0.669522 0.669522
127.632584 146.914871 92.914742 1.000000 0.670554 0.670554
127.690971 147.864029 92.605873 1.000000 0.699820 0.699820
127.756996 148.802856 92.268188 1.000000 0.741119 0.741119
127.821976 149.730026 91.899727 1.000000 0.771527 0.771527
127.829704 150.627304 91.464478 1.000000 0.792824 0.792824
127.713554 151.450729 90.918961 1.000000 0.775474 0.775474
127.492523 152.177399 90.272110 1.000000 0.733770 0.733770
127.239540 152.795975 89.528229 1.000000 0.712830 0.712830
126.992317 153.383896 88.759064 1.000000 0.720589 0.720589
126.756668 153.906174 87.940552 1.000000 0.753154 0.753154
126.549309 154.361389 87.075829 1.000000 0.802426 0.802426
126.410248 154.752106 86.167755 1.000000 0.855290 0.855290
42
126.814941 124.099846 98.298843 1.000000 0.886206 0.886206
127.198189 124.963142 97.976913 1.000000 0.868906 0.868906
127.475525 125.850121 97.612083 1.000000 0.867039 0.867039
127.655365 126.765915 97.255638 1.000000 0.838489 0.838489
127.768585 127.700264 96.918839 1.000000 0.798917 0.798917
127.837456 128.638458 96.580269 1.000000 0.760292 0.760292
127.883781 129.567123 96.212929 1.000000 0.725682 0.725682
127.931259 130.477524 95.802620 1.000000 0.695317 0.695317
127.986084 131.375381 95.365829 1.000000 0.661141 0.661141
128.035400 132.279739 94.942444 1.000000 0.624237 0.624237
128.063583 133.207153 94.571571 1.000000 0.586245 0.586245
128.060822 134.158951 94.267296 1.000000 0.588665 0.588665
128.014816 135.127472 94.026321 1.000000 0.638330 0.638330
127.918617 136.106323 93.851044 1.000000 0.667996 0.667996
127.797455 137.091431 93.730583 1.000000 0.638969 0.638969
127.699303 138.080902 93.627083 1.000000 0.605358 0.605358
127.650047 139.073593 93.519844 1.000000 0.636907 0.636907
127.642776 140.068817 93.424644 1.000000 0.701735 0.701735
127.654282 141.066101 93.352837 1.000000 0.746127 0.746127
127.655304 142.063034 93.276733 1.000000 0.767290 0.767290
127.631264 143.053741 93.148087 1.000000 0.766639 0.766639
127.610161 144.033524 92.952141 1.000000 0.748011 0.748011
127.635124 145.004059 92.714760 1.000000 0.721546 0.721546
127.714355 145.969482 92.467529 1.000000 0.700235 0.700235
127.825523 146.930603 92.215027 1.000000 0.699049 0.699049
127.944679 147.884979 91.941620 1.000000 0.718026 0.718026
128.065033 148.831421 91.642242 1.000000 0.750988 0.750988
128.174072 149.767288 91.308189 1.000000 0.777059 0.777059
128.210526 150.669739 90.888779 1.000000 0.796648 0.796648
128.102203 151.486481 90.335358 1.000000 0.769851 0.769851
127.874199 152.193146 89.669601 1.000000 0.721363 0.721363
127.611877 152.814819 88.932922 1.000000 0.703291 0.703291
127.360535 153.368088 88.140030 1.000000 0.719107 0.719107
127.133385 153.847977 87.294037 1.000000 0.757152 0.757152
126.949326 154.245056 86.396858 1.000000 0.801992 0.801992
126.840279 154.548050 85.452835 1.000000 0.841155 0.841155
126.826225 154.744446 84.475403 1.000000 0.866452 0.866452
126.887611 154.816498 83.482796 1.000000 0.875624 0.875624
126.974274 154.732712 82.494583 1.000000 0.877620 0.877620
127.052452 154.459366 81.542213 1.000000 0.872358 0.872358
127.103630 153.904190 80.712044 1.000000 0.867744 0.867744
127.134331 153.294830 79.922943 1.000000 0.877717 0.877717
11
128.350113 118.923676 92.473457 1.000000 0.823316 0.823316
128.208160 117.937698 92.550423 1.000000 0.722800 0.722800
128.132919 116.944237 92.632889 1.000000 0.638144 0.638144
128.105865 115.946198 92.666252 1.000000 0.594802 0.594802
128.154526 114.951363 92.577179 1.000000 0.595116 0.595116
128.228851 113.960762 92.467255 1.000000 0.614462 0.614462
128.304565 112.975357 92.316292 1.000000 0.686724 0.686724
128.307190 111.994507 92.131088 1.000000 0.757271 0.757271
128.189774 111.033257 91.897003 1.000000 0.800190 0.800190
127.950279 110.106995 91.612617 1.000000 0.823826 0.823826
127.613708 109.212418 91.322525 1.000000 0.863405 0.863405
22
128.214127 132.302002 97.665451 1.000000 0.871000 0.871000
128.260529 133.197571 97.229164 1.000000 0.846513 0.846513
128.237915 134.142822 96.915504 1.000000 0.839161 0.839161
128.119843 135.114182 96.727737 1.000000 0.852513 0.852513
127.890244 136.087128 96.701691 1.000000 0.877337 0.877337
127.734482 137.070190 96.647247 1.000000 0.884142 0.884142
127.735466 138.055450 96.516762 1.000000 0.847747 0.847747
127.852730 139.028976 96.325157 1.000000 0.815984 0.815984
128.030457 139.988846 96.110168 1.000000 0.811855 0.811855
128.238297 140.942032 95.890564 1.000000 0.806262 0.806262
128.448120 141.894272 95.668839 1.000000 0.781036 0.781036
128.635651 142.847412 95.432335 1.000000 0.734300 0.734300
128.781174 143.803574 95.179169 1.000000 0.661546 0.661546
128.889053 144.763611 94.921303 1.000000 0.599483 0.599483
128.970886 145.726120 94.662964 1.000000 0.609480 0.609480
129.026581 146.684143 94.382820 1.000000 0.660241 0.660241
129.053299 147.628372 94.056183 1.000000 0.714852 0.714852
129.062180 148.556183 93.683838 1.000000 0.785524 0.785524
129.092789 149.470200 93.280342 1.000000 0.833194 0.833194
129.177383 150.369202 92.851875 1.000000 0.851363 0.851363
129.296783 151.249115 92.392548 1.000000 0.867924 0.867924
129.409592 152.109375 91.895920 1.000000 0.889306 0.889306
33
127.964714 131.516098 98.045006 1.000000 0.893715 0.893715
128.027298 132.367859 97.527672 1.000000 0.860894 0.860894
128.047913 133.273422 97.110786 1.000000 0.839099 0.839099
128.003326 134.225525 96.821251 1.000000 0.839606 0.839606
127.871819 135.200180 96.659447 1.000000 0.860131 0.860131
127.679588 136.178558 96.593735 1.000000 0.881617 0.881617
127.555725 137.164825 96.527756 1.000000 0.873473 0.873473
127.584984 138.150574 96.377754 1.000000 0.824872 0.824872
127.703209 139.122589 96.176743 1.000000 0.796204 0.796204
127.869743 140.083572 95.957047 1.000000 0.800593 0.800593
128.064774 141.038620 95.733788 1.000000 0.801482 0.801482
128.249649 141.993988 95.503700 1.000000 0.779541 0.779541
128.398560 142.949844 95.252007 1.000000 0.735075 0.735075
128.498215 143.905807 94.976868 1.000000 0.664334 0.664334
128.567230 144.862564 94.694351 1.000000 0.601673 0.601673
128.624649 145.820343 94.412674 1.000000 0.609976 0.609976
128.670959 146.773987 94.115807 1.000000 0.656023 0.656023
128.699036 147.715973 93.782356 1.000000 0.711570 0.711570
128.715881 148.644394 93.411621 1.000000 0.780345 0.780345
128.754761 149.560745 93.013969 1.000000 0.822006 0.822006
128.827133 150.460861 92.585114 1.000000 0.841603 0.841603
128.881516 151.334595 92.104141 1.000000 0.860859 0.860859
128.832138 152.163483 91.552765 1.000000 0.868158 0.868158
128.637451 152.919891 90.933296 1.000000 0.859334 0.859334
128.352707 153.603104 90.262268 1.000000 0.856088 0.856088
128.056854 154.229462 89.542084 1.000000 0.868881 0.868881
127.798286 154.797134 88.762169 1.000000 0.881111 0.881111
127.599937 155.296249 87.920486 1.000000 0.883634 0.883634
127.478142 155.723999 87.026802 1.000000 0.874164 0.874164
127.424042 156.078506 86.094490 1.000000 0.862626 0.862626
127.393303 156.362778 85.136772 1.000000 0.856904 0.856904
127.337990 156.597702 84.166809 1.000000 0.861016 0.861016
127.220512 156.831421 83.202705 1.000000 0.898092 0.898092
10
126.845200 142.418961 97.204956 1.000000 0.890722 0.890722
127.295341 143.108047 96.651871 1.000000 0.885415 0.885415
127.574509 143.948395 96.201157 1.000000 0.849223 0.849223
127.729225 144.861633 95.827385 1.000000 0.790767 0.790767
127.839775 145.812241 95.537308 1.000000 0.757853 0.757853
127.931587 146.762802 95.241325 1.000000 0.762916 0.762916
127.981941 147.703842 94.909134 1.000000 0.793764 0.793764
127.994644 148.626266 94.524323 1.000000 0.843443 0.843443
128.001114 149.537430 94.112450 1.000000 0.876361 0.876361
128.022415 150.442184 93.687187 1.000000 0.890790 0.890790
40
128.294067 129.752167 97.693626 1.000000 0.891893 0.891893
128.460327 130.581345 97.160011 1.000000 0.837888 0.837888
128.610291 131.413864 96.626831 1.000000 0.784190 0.784190
128.732498 132.268402 96.123291 1.000000 0.739383 0.739383
128.806808 133.160492 95.680588 1.000000 0.700972 0.700972
128.814987 134.089249 95.314629 1.000000 0.688344 0.688344
128.744904 135.041718 95.023232 1.000000 0.696552 0.696552
128.613770 136.005447 94.793427 1.000000 0.715236 0.715236
128.470490 136.975983 94.600136 1.000000 0.707979 0.707979
128.369125 137.952911 94.415291 1.000000 0.657994 0.657994
128.329849 138.935318 94.235191 1.000000 0.626599 0.626599
128.336197 139.922485 94.077354 1.000000 0.657540 0.657540
128.361877 140.913803 93.949165 1.000000 0.694067 0.694067
128.385574 141.905991 93.826920 1.000000 0.708397 0.708397
128.397705 142.893616 93.672531 1.000000 0.694279 0.694279
128.408173 143.872284 93.468887 1.000000 0.657307 0.657307
128.440536 144.842651 93.230270 1.000000 0.625710 0.625710
128.508484 145.808258 92.980103 1.000000 0.639906 0.639906
128.606918 146.769363 92.722397 1.000000 0.679612 0.679612
128.715210 147.724625 92.447426 1.000000 0.725682 0.725682
128.828644 148.674271 92.155502 1.000000 0.773672 0.773672
128.967148 149.616333 91.850739 1.000000 0.803381 0.803381
129.120270 150.542572 91.507698 1.000000 0.828309 0.828309
129.222565 151.438354 91.082596 1.000000 0.848424 0.848424
129.201752 152.278122 90.553757 1.000000 0.853979 0.853979
129.035553 153.028122 89.921669 1.000000 0.842124 0.842124
128.797150 153.679993 89.203949 1.000000 0.835994 0.835994
128.583282 154.250595 88.413429 1.000000 0.836379 0.836379
128.420868 154.733673 87.555344 1.000000 0.826679 0.826679
128.296509 155.113876 86.640968 1.000000 0.796518 0.796518
128.197815 155.389313 85.686264 1.000000 0.761992 0.761992
128.114746 155.573807 84.707848 1.000000 0.742492 0.742492
128.035889 155.681915 83.717514 1.000000 0.744804 0.744804
127.953880 155.713577 82.722260 1.000000 0.772203 0.772203
127.869774 155.650574 81.729439 1.000000 0.810025 0.810025
127.798904 155.453110 80.755714 1.000000 0.846406 0.846406
127.773361 155.077240 79.835938 1.000000 0.858248 0.858248
127.809998 154.535217 79.000565 1.000000 0.849982 0.849982
127.892136 153.890106 78.242500 1.000000 0.854606 0.854606
128.025406 153.177734 77.553459 1.000000 0.881363 0.881363
25
128.391541 129.788101 97.633240 1.000000 0.889667 0.889667
128.565445 130.615112 97.098709 1.000000 0.835796 0.835796
128.722839 131.446503 96.565941 1.000000 0.783457 0.783457
128.850189 132.302139 96.065720 1.000000 0.739002 0.739002
128.927292 133.196182 95.627449 1.000000 0.701153 0.701153
128.935394 134.125946 95.264015 1.000000 0.688705 0.688705
128.863785 135.078049 94.971413 1.000000 0.693736 0.693736
128.733658 136.040604 94.735748 1.000000 0.709796 0.709796
128.595551 137.009827 94.532410 1.000000 0.700894 0.700894
128.501816 137.985611 94.337784 1.000000 0.649887 0.649887
128.469803 138.967438 94.153214 1.000000 0.618131 0.618131
128.480988 139.954681 93.996048 1.000000 0.651682 0.651682
128.509079 140.946228 93.870155 1.000000 0.690129 0.690129
128.536774 141.938644 93.750580 1.000000 0.704163 0.704163
128.558365 142.926987 93.601524 1.000000 0.688854 0.688854
128.583237 143.907257 93.406921 1.000000 0.652755 0.652755
128.632477 144.879868 93.180588 1.000000 0.625807 0.625807
128.717865 145.847443 92.943764 1.000000 0.648708 0.648708
128.846191 146.806580 92.691559 1.000000 0.694892 0.694892
128.971024 147.763351 92.429131 1.000000 0.743723 0.743723
129.103195 148.715759 92.154617 1.000000 0.790175 0.790175
129.272003 149.660828 91.875961 1.000000 0.815978 0.815978
129.483017 150.590271 91.574722 1.000000 0.836866 0.836866
129.708893 151.499313 91.225983 1.000000 0.857926 0.857926
129.945328 152.391159 90.840759 1.000000 0.885181 0.885181
26
126.935036 144.088776 91.679474 1.000000 0.878031 0.878031
127.342773 144.996643 91.591827 1.000000 0.825303 0.825303
127.712135 145.917664 91.468422 1.000000 0.778075 0.778075
128.064911 146.842407 91.326233 1.000000 0.751682 0.751682
128.393829 147.772018 91.161095 1.000000 0.753546 0.753546
128.696350 148.708710 90.985382 1.000000 0.774839 0.774839
128.983673 149.649704 90.806534 1.000000 0.795621 0.795621
129.252625 150.586853 90.587662 1.000000 0.829854 0.829854
129.458450 151.509247 90.273399 1.000000 0.862742 0.862742
129.544632 152.391998 89.833351 1.000000 0.883673 0.883673
129.484192 153.188095 89.246307 1.000000 0.881351 0.881351
129.339233 153.857422 88.521896 1.000000 0.865633 0.865633
129.207275 154.406815 87.700378 1.000000 0.846852 0.846852
129.095230 154.823425 86.801918 1.000000 0.806730 0.806730
128.991104 155.099838 85.849136 1.000000 0.746330 0.746330
128.896072 155.258560 84.867760 1.000000 0.691908 0.691908
128.816498 155.326813 83.874168 1.000000 0.678997 0.678997
128.755356 155.312698 82.877144 1.000000 0.702565 0.702565
128.714722 155.210434 81.884468 1.000000 0.744958 0.744958
128.702454 155.002731 80.908676 1.000000 0.787730 0.787730
128.740280 154.670258 79.969643 1.000000 0.818758 0.818758
128.842026 154.224228 79.082718 1.000000 0.838099 0.838099
128.987259 153.704285 78.241623 1.000000 0.858678 0.858678
129.121902 153.129120 77.434746 1.000000 0.877579 0.877579
129.213837 152.545639 76.629013 1.000000 0.889726 0.889726
129.224228 151.930130 75.842506 1.000000 0.896345 0.896345
