66
20
100.144814 150.274567 94.380890 1.000000 0.885470 0.885470
100.665138 149.775574 93.699554 1.000000 0.868283 0.868283
101.326889 149.269363 93.149796 1.000000 0.832773 0.832773
102.031372 148.735550 92.679123 1.000000 0.787435 0.787435
102.734230 148.164490 92.252014 1.000000 0.749030 0.749030
103.437874 147.544128 91.904686 1.000000 0.719223 0.719223
104.151627 146.880127 91.681602 1.000000 0.697957 0.697957
104.884079 146.206070 91.572601 1.000000 0.695786 0.695786
105.632278 145.541977 91.510948 1.000000 0.707502 0.707502
106.388367 144.891479 91.417786 1.000000 0.716483 0.716483
107.169975 144.283035 91.270889 1.000000 0.731603 0.731603
108.003075 143.746216 91.135559 1.000000 0.751078 0.751078
108.879486 143.267654 91.065727 1.000000 0.769812 0.769812
109.767281 142.806778 91.014191 1.000000 0.807438 0.807438
110.655983 142.356598 90.914536 1.000000 0.854844 0.854844
111.559105 141.951141 90.766144 1.000000 0.881791 0.881791
112.492622 141.637451 90.596107 1.000000 0.869308 0.869308
113.463371 141.468826 90.442551 1.000000 0.829567 0.829567
114.457970 141.448639 90.368790 1.000000 0.823148 0.823148
115.454155 141.518539 90.405266 1.000000 0.871882 0.871882
12
99.738464 146.043198 94.925850 1.000000 0.870850 0.870850
100.584564 145.538239 94.747482 1.000000 0.836189 0.836189
101.454727 145.060349 94.616142 1.000000 0.828938 0.828938
102.325394 144.570786 94.539246 1.000000 0.842200 0.842200
103.156715 144.020416 94.470673 1.000000 0.856577 0.856577
103.871262 143.330276 94.424866 1.000000 0.862796 0.862796
104.432259 142.507248 94.421715 1.000000 0.864737 0.864737
104.824203 141.596451 94.514702 1.000000 0.876341 0.876341
105.066765 140.655106 94.746338 1.000000 0.874494 0.874494
105.289085 139.740372 95.087830 1.000000 0.864851 0.864851
105.612839 138.867218 95.453194 1.000000 0.857181 0.857181
106.031136 138.005630 95.741676 1.000000 0.882595 0.882595
27
100.715012 147.658081 94.729935 1.000000 0.895086 0.895086
101.508102 147.099854 94.478523 1.000000 0.835090 0.835090
102.289169 146.508240 94.268616 1.000000 0.809361 0.809361
103.046417 145.876892 94.099594 1.000000 0.810238 0.810238
103.745979 145.167419 94.012924 1.000000 0.821590 0.821590
104.354958 144.375000 93.985367 1.000000 0.835650 0.835650
104.855034 143.508469 93.975815 1.000000 0.831234 0.831234
105.252365 142.589218 93.979225 1.000000 0.832321 0.832321
105.543053 141.634232 94.045738 1.000000 0.831795 0.831795
105.759171 140.670319 94.215195 1.000000 0.815209 0.815209
105.995781 139.729813 94.467049 1.000000 0.800201 0.800201
106.319725 138.823486 94.744835 1.000000 0.788462 0.788462
106.713081 137.934723 94.990623 1.000000 0.804949 0.804949
107.137611 137.044083 95.167496 1.000000 0.829780 0.829780
107.579605 136.151505 95.286079 1.000000 0.835307 0.835307
108.021713 135.258682 95.403046 1.000000 0.822250 0.822250
108.453590 134.365494 95.551018 1.000000 0.832677 0.832677
108.914413 133.491592 95.721085 1.000000 0.845523 0.845523
109.433830 132.647430 95.868820 1.000000 0.851245 0.851245
109.933723 131.783432 95.911087 1.000000 0.828408 0.828408
110.336136 130.868118 95.850769 1.000000 0.782963 0.782963
110.684059 129.930649 95.766655 1.000000 0.763044 0.763044
111.037827 128.995071 95.686607 1.000000 0.782417 0.782417
111.392502 128.059067 95.616463 1.000000 0.802510 0.802510
111.706955 127.107742 95.599380 1.000000 0.817994 0.817994
111.970024 126.144463 95.680054 1.000000 0.842139 0.842139
112.201752 125.184166 95.852707 1.000000 0.870924 0.870924
31
104.257370 155.376114 96.639740 1.000000 0.867573 0.867573
103.827835 154.568405 96.231247 1.000000 0.842531 0.842531
103.468491 153.717133 95.844017 1.000000 0.828564 0.828564
103.223160 152.828064 95.455887 1.000000 0.820404 0.820404
103.122292 151.909393 95.073051 1.000000 0.813453 0.813453
103.153809 150.971161 94.725540 1.000000 0.809020 0.809020
103.289291 150.018387 94.449646 1.000000 0.806361 0.806361
103.525482 149.064529 94.259628 1.000000 0.788402 0.788402
103.912445 148.139740 94.215881 1.000000 0.741437 0.741437
104.333473 147.230423 94.205635 1.000000 0.703936 0.703936
104.785995 146.337311 94.263268 1.000000 0.723531 0.723531
105.193726 145.427734 94.366028 1.000000 0.780351 0.780351
105.492485 144.478073 94.470467 1.000000 0.808006 0.808006
105.700172 143.500076 94.550438 1.000000 0.810691 0.810691
105.861649 142.513077 94.632317 1.000000 0.807086 0.807086
105.994255 141.527756 94.764946 1.000000 0.795616 0.795616
106.129669 140.556061 94.972282 1.000000 0.785262 0.785262
106.329788 139.611237 95.238319 1.000000 0.785690 0.785690
106.627609 138.695816 95.516296 1.000000 0.803278 0.803278
106.992424 137.791473 95.748215 1.000000 0.846353 0.846353
107.392654 136.884903 95.897064 1.000000 0.873565 0.873565
107.820229 135.982254 95.989967 1.000000 0.875040 0.875040
108.258972 135.086365 96.094681 1.000000 0.866777 0.866777
108.719620 134.208435 96.243828 1.000000 0.873823 0.873823
109.257576 133.387497 96.437225 1.000000 0.883443 0.883443
109.871048 132.616394 96.618225 1.000000 0.896818 0.896818
110.426537 131.793594 96.647888 1.000000 0.877076 0.877076
110.861115 130.895279 96.556763 1.000000 0.832595 0.832595
111.254890 129.976639 96.470413 1.000000 0.819321 0.819321
111.660728 129.060913 96.412025 1.000000 0.831289 0.831289
112.067909 128.144699 96.375572 1.000000 0.859939 0.859939
15
102.802116 153.108093 94.245628 1.000000 0.890178 0.890178
102.964188 152.348648 93.613335 1.000000 0.875508 0.875508
103.193871 151.576569 93.019508 1.000000 0.877118 0.877118
103.465088 150.747437 92.539017 1.000000 0.875240 0.875240
103.783775 149.856766 92.226486 1.000000 0.839067 0.839067
104.210533 148.952652 92.141960 1.000000 0.759699 0.759699
104.687462 148.074112 92.084793 1.000000 0.669490 0.669490
105.243683 147.241547 92.102539 1.000000 0.650051 0.650051
105.848190 146.446640 92.187469 1.000000 0.692949 0.692949
106.458710 145.657684 92.288254 1.000000 0.749091 0.749091
107.058983 144.856598 92.337372 1.000000 0.790777 0.790777
107.676659 144.066940 92.331696 1.000000 0.822153 0.822153
108.320137 143.298065 92.318611 1.000000 0.833063 0.833063
108.955803 142.522919 92.302528 1.000000 0.832718 0.832718
109.571640 141.733124 92.255852 1.000000 0.863022 0.863022
17
104.160164 149.047241 79.996727 1.000000 0.867942 0.867942
104.330360 149.661194 80.769295 1.000000 0.839690 0.839690
104.517181 150.268311 81.543221 1.000000 0.830397 0.830397
104.753433 150.846893 82.324364 1.000000 0.832124 0.832124
105.061501 151.369858 83.118843 1.000000 0.838721 0.838721
105.397736 151.802429 83.954109 1.000000 0.857579 0.857579
105.654259 152.061203 84.874374 1.000000 0.867055 0.867055
105.822731 152.085831 85.849449 1.000000 0.833284 0.833284
105.974564 151.913773 86.818573 1.000000 0.787421 0.787421
106.160378 151.595200 87.745262 1.000000 0.760325 0.760325
106.402031 151.149643 88.604263 1.000000 0.733306 0.733306
106.704781 150.586441 89.370102 1.000000 0.696461 0.696461
107.058960 149.935135 90.040924 1.000000 0.677891 0.677891
107.447693 149.241501 90.650032 1.000000 0.727702 0.727702
107.840446 148.538712 91.246506 1.000000 0.803235 0.803235
108.219803 147.836090 91.851776 1.000000 0.860253 0.860253
108.626442 147.131622 92.435516 1.000000 0.895424 0.895424
31
109.780151 133.320724 96.618660 1.000000 0.896397 0.896397
109.213898 134.113144 96.393822 1.000000 0.887378 0.887378
108.758591 134.982590 96.195396 1.000000 0.875615 0.875615
108.356285 135.885544 96.024193 1.000000 0.865188 0.865188
107.962563 136.794296 95.863579 1.000000 0.854462 0.854462
107.593880 137.710388 95.687775 1.000000 0.825484 0.825484
107.260590 138.634567 95.484848 1.000000 0.785084 0.785084
106.975349 139.570831 95.266479 1.000000 0.759499 0.759499
106.768242 140.528275 95.054283 1.000000 0.758701 0.758701
106.639969 141.506241 94.873062 1.000000 0.771399 0.771399
106.565559 142.496750 94.731667 1.000000 0.788319 0.788319
106.513626 143.493301 94.624062 1.000000 0.801075 0.801075
106.426773 144.487747 94.527161 1.000000 0.808731 0.808731
106.222443 145.457703 94.398430 1.000000 0.795518 0.795518
105.868118 146.377899 94.227203 1.000000 0.740217 0.740217
105.430107 147.265305 94.064651 1.000000 0.673669 0.673669
105.000687 148.163391 93.944618 1.000000 0.650578 0.650578
104.647972 149.097000 93.855812 1.000000 0.671641 0.671641
104.462395 150.081711 93.797333 1.000000 0.697425 0.697425
104.329147 151.074127 93.782623 1.000000 0.728560 0.728560
104.306244 152.071503 93.860229 1.000000 0.773541 0.773541
104.419479 153.051132 94.026344 1.000000 0.831057 0.831057
104.723824 153.982773 94.209312 1.000000 0.872215 0.872215
105.244370 154.823135 94.316811 1.000000 0.861535 0.861535
105.921753 155.556595 94.356407 1.000000 0.826374 0.826374
106.690849 156.195114 94.341667 1.000000 0.837234 0.837234
107.490211 156.772308 94.195366 1.000000 0.857638 0.857638
108.252388 157.340149 93.889694 1.000000 0.839932 0.839932
108.951149 157.926483 93.478607 1.000000 0.817595 0.817595
109.589943 158.541412 93.013748 1.000000 0.822221 0.822221
110.178116 159.192429 92.530609 1.000000 0.858053 0.858053
33
114.242775 121.582848 95.592972 1.000000 0.884376 0.884376
114.212959 122.527847 95.258408 1.000000 0.837651 0.837651
114.125755 123.477013 94.946251 1.000000 0.794184 0.794184
113.990135 124.425377 94.648453 1.000000 0.756779 0.756779
113.819145 125.366920 94.347084 1.000000 0.733314 0.733314
113.611206 126.300331 94.044266 1.000000 0.726349 0.726349
113.340858 127.226601 93.774391 1.000000 0.713957 0.713957
112.993019 128.146530 93.586655 1.000000 0.690121 0.690121
112.592056 129.061035 93.510818 1.000000 0.674582 0.674582
112.184723 129.976700 93.536369 1.000000 0.663008 0.663008
111.820343 130.907913 93.612015 1.000000 0.654593 0.654593
111.515373 131.860901 93.682556 1.000000 0.667546 0.667546
111.242142 132.825745 93.703842 1.000000 0.721792 0.721792
110.993683 133.794922 93.642822 1.000000 0.774941 0.774941
110.818558 134.770462 93.499321 1.000000 0.803601 0.803601
110.737526 135.752335 93.312744 1.000000 0.824406 0.824406
110.679932 136.737839 93.133888 1.000000 0.843458 0.843458
110.546043 137.719452 92.987015 1.000000 0.845838 0.845838
110.320534 138.688736 92.860847 1.000000 0.842282 0.842282
110.050453 139.649246 92.754318 1.000000 0.856758 0.856758
109.724297 140.594955 92.701889 1.000000 0.871158 0.871158
109.313988 141.509048 92.714050 1.000000 0.844238 0.844238
108.850105 142.398056 92.732986 1.000000 0.824050 0.824050
108.347633 143.265701 92.719902 1.000000 0.835076 0.835076
107.805679 144.109146 92.692482 1.000000 0.832140 0.832140
107.254044 144.945648 92.650017 1.000000 0.803913 0.803913
106.699211 145.774490 92.551933 1.000000 0.763373 0.763373
106.123672 146.581543 92.401085 1.000000 0.700787 0.700787
105.547562 147.390289 92.263680 1.000000 0.643577 0.643577
105.020828 148.238403 92.182823 1.000000 0.647819 0.647819
104.584450 149.139038 92.148880 1.000000 0.728742 0.728742
104.338226 150.111710 92.123360 1.000000 0.794751 0.794751
104.139214 151.092728 92.148438 1.000000 0.857540 0.857540
20
112.390999 122.016670 95.576843 1.000000 0.880033 0.880033
112.313744 122.987686 95.336159 1.000000 0.849600 0.849600
112.184105 123.955055 95.104980 1.000000 0.812505 0.812505
111.997932 124.918900 94.898499 1.000000 0.771573 0.771573
111.774101 125.883247 94.736801 1.000000 0.731278 0.731278
111.520699 126.849037 94.646988 1.000000 0.694810 0.694810
111.223495 127.806038 94.646980 1.000000 0.699706 0.699706
110.884544 128.747620 94.716507 1.000000 0.708217 0.708217
110.543701 129.686966 94.807587 1.000000 0.701660 0.701660
110.222183 130.633835 94.891769 1.000000 0.711963 0.711963
109.873497 131.572021 94.953133 1.000000 0.751652 0.751652
109.450119 132.478897 94.943810 1.000000 0.789225 0.789225
108.995262 133.364883 94.833076 1.000000 0.794902 0.794902
108.572556 134.258469 94.663719 1.000000 0.787260 0.787260
108.157799 135.155182 94.490440 1.000000 0.777531 0.777531
107.706360 136.037994 94.341003 1.000000 0.780844 0.780844
107.224632 136.907028 94.203384 1.000000 0.776004 0.776004
106.731934 137.765091 94.040085 1.000000 0.774429 0.774429
106.230324 138.606400 93.824173 1.000000 0.803631 0.803631
105.737427 139.452911 93.608749 1.000000 0.861586 0.861586
14
100.955902 149.291000 94.123940 1.000000 0.883979 0.883979
101.633186 148.723816 93.654953 1.000000 0.835209 0.835209
102.335159 148.134583 93.250954 1.000000 0.791382 0.791382
103.028366 147.498459 92.911079 1.000000 0.767983 0.767983
103.707886 146.799698 92.692581 1.000000 0.740635 0.740635
104.374603 146.058548 92.599945 1.000000 0.736020 0.736020
105.027184 145.297928 92.572968 1.000000 0.761733 0.761733
105.649803 144.514908 92.503456 1.000000 0.782030 0.782030
106.267868 143.732986 92.398842 1.000000 0.805694 0.805694
106.910736 142.982483 92.232689 1.000000 0.833052 0.833052
107.600510 142.280243 92.045631 1.000000 0.819918 0.819918
108.336662 141.627487 91.858040 1.000000 0.796912 0.796912
109.134689 141.056656 91.664833 1.000000 0.812625 0.812625
110.008018 140.601898 91.496910 1.000000 0.863583 0.863583
30
115.420753 125.076370 95.307495 1.000000 0.882478 0.882478
115.222000 125.879082 94.741226 1.000000 0.864127 0.864127
115.034927 126.678154 94.165627 1.000000 0.871473 0.871473
114.808365 127.491508 93.628250 1.000000 0.887306 0.887306
114.507027 128.341064 93.197922 1.000000 0.889048 0.889048
114.133583 129.220612 92.901634 1.000000 0.869162 0.869162
113.716385 130.116516 92.757172 1.000000 0.865053 0.865053
113.287918 131.020645 92.774178 1.000000 0.858190 0.858190
112.891129 131.936905 92.869698 1.000000 0.851082 0.851082
112.558662 132.879745 92.942741 1.000000 0.859026 0.859026
112.336395 133.855408 92.950310 1.000000 0.891956 0.891956
112.300255 134.849716 92.890289 1.000000 0.899254 0.899254
112.406532 135.842056 92.787575 1.000000 0.878220 0.878220
112.482147 136.834579 92.669861 1.000000 0.852645 0.852645
112.421875 137.826187 92.550316 1.000000 0.836003 0.836003
112.206131 138.794632 92.422356 1.000000 0.833416 0.833416
111.877602 139.730148 92.273781 1.000000 0.839015 0.839015
111.506798 140.650482 92.125122 1.000000 0.861059 0.861059
111.098770 141.561798 92.043701 1.000000 0.879545 0.879545
110.617546 142.440125 92.041969 1.000000 0.863060 0.863060
110.046120 143.260406 92.028427 1.000000 0.848886 0.848886
109.358788 143.978912 91.951256 1.000000 0.838863 0.838863
108.584023 144.607300 91.858009 1.000000 0.824022 0.824022
107.817696 145.248398 91.788086 1.000000 0.805667 0.805667
107.096245 145.938080 91.701157 1.000000 0.767554 0.767554
106.405098 146.650513 91.560577 1.000000 0.706286 0.706286
105.730042 147.382462 91.450012 1.000000 0.665789 0.665789
105.109215 148.166275 91.415710 1.000000 0.685589 0.685589
104.575546 149.011414 91.464706 1.000000 0.770393 0.770393
104.147491 149.907852 91.585548 1.000000 0.852073 0.852073
38
113.190353 126.666458 96.157082 1.000000 0.891963 0.891963
112.860008 127.583138 95.936012 1.000000 0.848758 0.848758
112.464714 128.499329 95.857536 1.000000 0.799968 0.799968
112.048111 129.411484 95.874916 1.000000 0.776820 0.776820
111.650146 130.329727 95.942299 1.000000 0.777170 0.777170
111.285057 131.258347 96.046013 1.000000 0.794848 0.794848
110.911995 132.183548 96.149727 1.000000 0.836655 0.836655
110.472809 133.079788 96.151726 1.000000 0.867572 0.867572
110.022743 133.960083 95.998833 1.000000 0.870933 0.870933
109.687630 134.874161 95.773224 1.000000 0.863676 0.863676
109.443504 135.817108 95.532143 1.000000 0.853857 0.853857
109.187477 136.758957 95.300804 1.000000 0.838551 0.838551
108.910126 137.701874 95.099442 1.000000 0.809377 0.809377
108.654259 138.659241 94.945068 1.000000 0.785702 0.785702
108.434250 139.632584 94.842323 1.000000 0.775791 0.775791
108.251419 140.616501 94.768120 1.000000 0.774209 0.774209
108.111183 141.607101 94.690544 1.000000 0.774388 0.774388
108.014755 142.601288 94.593605 1.000000 0.793743 0.793743
107.916206 143.594482 94.488625 1.000000 0.842173 0.842173
107.723305 144.571426 94.380165 1.000000 0.872955 0.872955
107.401123 145.507263 94.229660 1.000000 0.864738 0.864738
106.980530 146.387726 94.004372 1.000000 0.821814 0.821814
106.498764 147.228745 93.747604 1.000000 0.747518 0.747518
106.025635 148.091660 93.553307 1.000000 0.673617 0.673617
105.600540 148.980652 93.373695 1.000000 0.639653 0.639653
105.284737 149.916611 93.209595 1.000000 0.646687 0.646687
105.091797 150.888916 93.067879 1.000000 0.682662 0.682662
105.031876 151.884491 92.998589 1.000000 0.753644 0.753644
105.134499 152.875336 93.050880 1.000000 0.816923 0.816923
105.439987 153.814377 93.187981 1.000000 0.840750 0.840750
105.954514 154.657761 93.315735 1.000000 0.806933 0.806933
106.634163 155.383331 93.406883 1.000000 0.776904 0.776904
107.422455 155.996292 93.435722 1.000000 0.810508 0.810508
108.244637 156.540924 93.302475 1.000000 0.838809 0.838809
109.024635 157.070908 92.978111 1.000000 0.831172 0.831172
109.735603 157.612793 92.529915 1.000000 0.830877 0.830877
110.380341 158.171143 92.006859 1.000000 0.854384 0.854384
110.954849 158.730209 91.409554 1.000000 0.898992 0.898992
42
114.742256 124.538597 96.003853 1.000000 0.898454 0.898454
114.560196 125.410858 95.543724 1.000000 0.861853 0.861853
114.372383 126.281166 95.082344 1.000000 0.838259 0.838259
114.130814 127.149368 94.645538 1.000000 0.822626 0.822626
113.806152 128.033051 94.310814 1.000000 0.798217 0.798217
113.417976 128.936264 94.129768 1.000000 0.769931 0.769931
113.014145 129.851547 94.101006 1.000000 0.757644 0.757644
112.635719 130.776291 94.181755 1.000000 0.762113 0.762113
112.310059 131.717957 94.296677 1.000000 0.772795 0.772795
112.037880 132.680099 94.369759 1.000000 0.781345 0.781345
111.816399 133.657684 94.361313 1.000000 0.808277 0.808277
111.689674 134.647079 94.278847 1.000000 0.824707 0.824707
111.694481 135.641342 94.157448 1.000000 0.818714 0.818714
111.758224 136.635239 94.032394 1.000000 0.812994 0.812994
111.754227 137.629700 93.910477 1.000000 0.812627 0.812627
111.626076 138.614914 93.782242 1.000000 0.801543 0.801543
111.424095 139.587845 93.641647 1.000000 0.792071 0.792071
111.226921 140.562241 93.505119 1.000000 0.786485 0.786485
111.037636 141.542542 93.406052 1.000000 0.779061 0.779061
110.801163 142.515656 93.355125 1.000000 0.777858 0.777858
110.484596 143.465240 93.304153 1.000000 0.808737 0.808737
110.066032 144.361710 93.172119 1.000000 0.865529 0.865529
109.510887 145.151520 92.930336 1.000000 0.886316 0.886316
108.852982 145.846848 92.634506 1.000000 0.883941 0.883941
108.215736 146.534302 92.284515 1.000000 0.871682 0.871682
107.633797 147.233475 91.865097 1.000000 0.834278 0.834278
107.074181 147.944885 91.434998 1.000000 0.772361 0.772361
106.541046 148.694687 91.038979 1.000000 0.719939 0.719939
106.087982 149.496887 90.648788 1.000000 0.735207 0.735207
105.816040 150.283096 90.089554 1.000000 0.789603 0.789603
105.612259 151.007309 89.440384 1.000000 0.827142 0.827142
105.507973 151.557327 88.620338 1.000000 0.822163 0.822163
105.445595 151.933884 87.699005 1.000000 0.813711 0.813711
105.376556 152.166428 86.731148 1.000000 0.831529 0.831529
105.252907 152.225525 85.746071 1.000000 0.866024 0.866024
105.001808 152.039856 84.808586 1.000000 0.856230 0.856230
104.665794 151.654404 83.952461 1.000000 0.822731 0.822731
104.359589 151.156479 83.141930 1.000000 0.810255 0.810255
104.129318 150.590225 82.350342 1.000000 0.796395 0.796395
103.955925 149.990005 81.568062 1.000000 0.785779 0.785779
103.795227 149.383713 80.787514 1.000000 0.793713 0.793713
103.619980 148.788422 80.001793 1.000000 0.831217 0.831217
14
108.215439 146.589478 93.870514 1.000000 0.897456 0.897456
107.669945 147.321121 93.457024 1.000000 0.863805 0.863805
107.150116 148.077118 93.054832 1.000000 0.807601 0.807601
106.667480 148.887909 92.720100 1.000000 0.735358 0.735358
106.274551 149.760956 92.427513 1.000000 0.683046 0.683046
105.997086 150.678528 92.137489 1.000000 0.687012 0.687012
105.842438 151.628006 91.859734 1.000000 0.770162 0.770162
105.951218 152.621719 91.768738 1.000000 0.857731 0.857731
106.186127 153.584625 91.767342 1.000000 0.878729 0.878729
106.673508 154.444199 91.874054 1.000000 0.841154 0.841154
107.374641 155.145370 91.957985 1.000000 0.816629 0.816629
108.205978 155.696121 91.941246 1.000000 0.843374 0.843374
109.062157 156.156631 91.733116 1.000000 0.874006 0.874006
109.871170 156.588516 91.339645 1.000000 0.893227 0.893227
15
108.091225 147.200623 93.125893 1.000000 0.885409 0.885409
107.598381 147.920593 92.633011 1.000000 0.846456 0.846456
107.126137 148.677460 92.177773 1.000000 0.781993 0.781993
106.703270 149.488678 91.770317 1.000000 0.709652 0.709652
106.369911 150.341095 91.363792 1.000000 0.687595 0.687595
106.132652 151.205643 90.917496 1.000000 0.750902 0.750902
105.997787 152.052536 90.403244 1.000000 0.837784 0.837784
106.006126 152.717728 89.654480 1.000000 0.871583 0.871583
106.057281 153.308365 88.853874 1.000000 0.858079 0.858079
106.168983 153.801422 87.991219 1.000000 0.836417 0.836417
106.351707 154.268570 87.126312 1.000000 0.823111 0.823111
106.622734 154.756836 86.297531 1.000000 0.813836 0.813836
106.964249 155.300735 85.531227 1.000000 0.814959 0.814959
107.337662 155.914703 84.835197 1.000000 0.829798 0.829798
107.732971 156.579742 84.199577 1.000000 0.863122 0.863122
17
107.136826 145.976135 94.747261 1.000000 0.882843 0.882843
106.713417 146.848999 94.498077 1.000000 0.821706 0.821706
106.232758 147.697403 94.265121 1.000000 0.739423 0.739423
105.777573 148.571655 94.084068 1.000000 0.681392 0.681392
105.416023 149.492691 93.929253 1.000000 0.666096 0.666096
105.174576 150.455078 93.792839 1.000000 0.678560 0.678560
105.064400 151.446594 93.720268 1.000000 0.717359 0.717359
105.114845 152.441635 93.766518 1.000000 0.763363 0.763363
105.363518 153.394516 93.918304 1.000000 0.807930 0.807930
105.828644 154.258728 94.086510 1.000000 0.805489 0.805489
106.562096 154.932083 94.202202 1.000000 0.783373 0.783373
107.348831 155.541504 94.274429 1.000000 0.824438 0.824438
108.195679 156.051941 94.179489 1.000000 0.869388 0.869388
109.009247 156.536316 93.870766 1.000000 0.860150 0.860150
109.754662 157.038223 93.431297 1.000000 0.847912 0.847912
110.438957 157.562408 92.923180 1.000000 0.857421 0.857421
111.048096 158.094894 92.336617 1.000000 0.887463 0.887463
14
110.888313 124.231300 95.860237 1.000000 0.891235 0.891235
110.681465 125.206520 95.748077 1.000000 0.864779 0.864779
110.502991 126.192322 95.711967 1.000000 0.855891 0.855891
110.338768 127.179832 95.768631 1.000000 0.859076 0.859076
110.146881 128.157410 95.887589 1.000000 0.857589 0.857589
109.924271 129.127548 96.015869 1.000000 0.845503 0.845503
109.678078 130.092682 96.138275 1.000000 0.839708 0.839708
109.356972 131.034790 96.252785 1.000000 0.865355 0.865355
108.897881 131.920059 96.291183 1.000000 0.893594 0.893594
108.359612 132.760254 96.189072 1.000000 0.886004 0.886004
107.845650 133.617523 96.114296 1.000000 0.873335 0.873335
107.355423 134.491348 96.113152 1.000000 0.869154 0.869154
106.867607 135.355453 96.239891 1.000000 0.879253 0.879253
106.393623 136.197998 96.501312 1.000000 0.895765 0.895765
35
114.492111 124.888351 95.636681 1.000000 0.864030 0.864030
114.320717 125.783775 95.218536 1.000000 0.834945 0.834945
114.113403 126.670052 94.798180 1.000000 0.816452 0.816452
113.830856 127.557961 94.434250 1.000000 0.795498 0.795498
113.467720 128.458633 94.197105 1.000000 0.764077 0.764077
113.065346 129.370529 94.109680 1.000000 0.743497 0.743497
112.670387 130.290649 94.147095 1.000000 0.740023 0.740023
112.320114 131.224777 94.249413 1.000000 0.747378 0.747378
112.026657 132.179245 94.342514 1.000000 0.755585 0.755585
111.776321 133.149719 94.369659 1.000000 0.780348 0.780348
111.586090 134.131775 94.313240 1.000000 0.812176 0.812176
111.515205 135.122498 94.193871 1.000000 0.818991 0.818991
111.557915 136.114914 94.054100 1.000000 0.812362 0.812362
111.601738 137.108185 93.921005 1.000000 0.815376 0.815376
111.538345 138.099091 93.792374 1.000000 0.813229 0.813229
111.366722 139.077652 93.654800 1.000000 0.802521 0.802521
111.167709 140.050735 93.510750 1.000000 0.796266 0.796266
110.984604 141.029633 93.387619 1.000000 0.789987 0.789987
110.777603 142.008026 93.312134 1.000000 0.782579 0.782579
110.491364 142.967514 93.267494 1.000000 0.789983 0.789983
110.100006 143.884186 93.184647 1.000000 0.836542 0.836542
109.570381 144.709015 93.011551 1.000000 0.870233 0.870233
108.915955 145.429443 92.777275 1.000000 0.871870 0.871870
108.270081 146.131348 92.469147 1.000000 0.864522 0.864522
107.648842 146.838455 92.127106 1.000000 0.833082 0.833082
107.056038 147.555557 91.754364 1.000000 0.774049 0.774049
106.484940 148.306000 91.416748 1.000000 0.711221 0.711221
105.981873 149.118393 91.118332 1.000000 0.713163 0.713163
105.601189 149.986267 90.798378 1.000000 0.768490 0.768490
105.369942 150.859192 90.373505 1.000000 0.834407 0.834407
105.292084 151.624573 89.751900 1.000000 0.866496 0.866496
105.307762 152.190430 88.936951 1.000000 0.846307 0.846307
105.348099 152.596954 88.025696 1.000000 0.831592 0.831592
105.386383 152.908310 87.076729 1.000000 0.842479 0.842479
105.436874 153.151428 86.108521 1.000000 0.882307 0.882307
16
108.291016 127.957840 92.703308 1.000000 0.893244 0.893244
108.951042 127.368752 92.235458 1.000000 0.829330 0.829330
109.667526 126.807510 91.824684 1.000000 0.781364 0.781364
110.326653 126.054085 91.767258 1.000000 0.760921 0.760921
110.932808 125.263710 91.800720 1.000000 0.729413 0.729413
111.421814 124.408211 91.976639 1.000000 0.736963 0.736963
111.794434 123.510193 92.215523 1.000000 0.776216 0.776216
112.041275 122.565750 92.434135 1.000000 0.817821 0.817821
112.211472 121.587265 92.565575 1.000000 0.825276 0.825276
112.355354 120.595436 92.602951 1.000000 0.812990 0.812990
112.492943 119.601837 92.574669 1.000000 0.810464 0.810464
112.653267 118.613907 92.503090 1.000000 0.833760 0.833760
112.892097 117.645798 92.403564 1.000000 0.861791 0.861791
113.216476 116.699928 92.329742 1.000000 0.881776 0.881776
113.487251 115.740128 92.370972 1.000000 0.892406 0.892406
113.603104 114.757523 92.524590 1.000000 0.890744 0.890744
30
113.876938 125.631226 96.004265 1.000000 0.885211 0.885211
113.658676 126.531265 95.621056 1.000000 0.853670 0.853670
113.358208 127.433907 95.312607 1.000000 0.813532 0.813532
112.982452 128.344269 95.140213 1.000000 0.763679 0.763679
112.572762 129.257599 95.101669 1.000000 0.733390 0.733390
112.174103 130.176071 95.154564 1.000000 0.732597 0.732597
111.821220 131.109375 95.255562 1.000000 0.741229 0.741229
111.508423 132.057297 95.357437 1.000000 0.756603 0.756603
111.200302 133.010178 95.398506 1.000000 0.788843 0.788843
110.915382 133.967224 95.328049 1.000000 0.821579 0.821579
110.734306 134.935715 95.156975 1.000000 0.829851 0.829851
110.667580 135.914032 94.947075 1.000000 0.832085 0.832085
110.629143 136.896927 94.748466 1.000000 0.842057 0.842057
110.541161 137.881805 94.581940 1.000000 0.843861 0.843861
110.398209 138.865738 94.445900 1.000000 0.837255 0.837255
110.253113 139.852905 94.338531 1.000000 0.833911 0.833911
110.139618 140.848083 94.272514 1.000000 0.823975 0.823975
109.996910 141.839401 94.212692 1.000000 0.798570 0.798570
109.766937 142.812759 94.154434 1.000000 0.795525 0.795525
109.405914 143.740967 94.065163 1.000000 0.840622 0.840622
108.902603 144.592102 93.923103 1.000000 0.871045 0.871045
108.329010 145.392853 93.736725 1.000000 0.874690 0.874690
107.767975 146.184158 93.487167 1.000000 0.854578 0.854578
107.227226 146.966110 93.169533 1.000000 0.807549 0.807549
106.691628 147.751770 92.852394 1.000000 0.733020 0.733020
106.190849 148.578033 92.588539 1.000000 0.665435 0.665435
105.780952 149.462006 92.358749 1.000000 0.646744 0.646744
105.493645 150.392532 92.126511 1.000000 0.675922 0.675922
105.335655 151.353119 91.892441 1.000000 0.756731 0.756731
105.322060 152.333694 91.697647 1.000000 0.852084 0.852084
19
112.509460 135.507385 92.795341 1.000000 0.891922 0.891922
112.606216 136.499588 92.683411 1.000000 0.865599 0.865599
112.595619 137.493973 92.565926 1.000000 0.841675 0.841675
112.435226 138.473923 92.444839 1.000000 0.834802 0.834802
112.138557 139.420700 92.308060 1.000000 0.835925 0.835925
111.770226 140.342010 92.159225 1.000000 0.849372 0.849372
111.374138 141.256622 92.051231 1.000000 0.873962 0.873962
110.924156 142.151398 92.030785 1.000000 0.870751 0.870751
110.340576 142.966995 92.018707 1.000000 0.854558 0.854558
109.698364 143.729767 91.963226 1.000000 0.846792 0.846792
108.942940 144.377518 91.862930 1.000000 0.830463 0.830463
108.157372 144.993790 91.781380 1.000000 0.815170 0.815170
107.411201 145.657898 91.708351 1.000000 0.787136 0.787136
106.702072 146.356857 91.595810 1.000000 0.732536 0.732536
106.012665 147.073517 91.470261 1.000000 0.677888 0.677888
105.362518 147.831314 91.400795 1.000000 0.667923 0.667923
104.786789 148.649307 91.419266 1.000000 0.732878 0.732878
104.311554 149.525223 91.511986 1.000000 0.822048 0.822048
103.937126 150.431931 91.700905 1.000000 0.886079 0.886079
45
114.390877 117.239868 95.541466 1.000000 0.885972 0.885972
114.105759 118.201263 95.512558 1.000000 0.876739 0.876739
113.896896 119.181076 95.506142 1.000000 0.889385 0.889385
113.806030 120.175636 95.440277 1.000000 0.888300 0.888300
113.793343 121.163147 95.269310 1.000000 0.861932 0.861932
113.786003 122.136673 95.026825 1.000000 0.820491 0.820491
113.731033 123.102829 94.762917 1.000000 0.772801 0.772801
113.612213 124.063034 94.498451 1.000000 0.727418 0.727418
113.439331 125.015427 94.234810 1.000000 0.695670 0.695670
113.224937 125.960869 93.976562 1.000000 0.679791 0.679791
112.959930 126.900070 93.746544 1.000000 0.658424 0.658424
112.627388 127.831001 93.584724 1.000000 0.628394 0.628394
112.216095 128.746231 93.584122 1.000000 0.614593 0.614593
111.808365 129.661804 93.617661 1.000000 0.605862 0.605862
111.434586 130.589523 93.691696 1.000000 0.598264 0.598264
111.115257 131.537827 93.763092 1.000000 0.616415 0.616415
110.816437 132.494904 93.792511 1.000000 0.677268 0.677268
110.516945 133.449936 93.738968 1.000000 0.734011 0.734011
110.254700 134.405945 93.592545 1.000000 0.762129 0.762129
110.036041 135.363663 93.388252 1.000000 0.783019 0.783019
109.789886 136.312973 93.179161 1.000000 0.798108 0.798108
109.463120 137.244507 93.005280 1.000000 0.780269 0.780269
109.085251 138.164825 92.877396 1.000000 0.765328 0.765328
108.682487 139.080154 92.803940 1.000000 0.766294 0.766294
108.251564 139.985321 92.794601 1.000000 0.766080 0.766080
107.809258 140.885239 92.826508 1.000000 0.775493 0.775493
107.391251 141.796173 92.867340 1.000000 0.808802 0.808802
107.007874 142.722519 92.907310 1.000000 0.840530 0.840530
106.619026 143.646530 92.945404 1.000000 0.823032 0.823032
106.191605 144.553619 92.956741 1.000000 0.787391 0.787391
105.713760 145.433228 92.909210 1.000000 0.749097 0.749097
105.183586 146.280502 92.827621 1.000000 0.695871 0.695871
104.637901 147.119980 92.777077 1.000000 0.667284 0.667284
104.122437 147.978439 92.803764 1.000000 0.707332 0.707332
103.668236 148.860962 92.931793 1.000000 0.784088 0.784088
103.295723 149.754608 93.180496 1.000000 0.832373 0.832373
103.006958 150.629456 93.565445 1.000000 0.851957 0.851957
102.803078 151.469086 94.068382 1.000000 0.854524 0.854524
102.707024 152.297226 94.622284 1.000000 0.857702 0.857702
102.742889 153.139267 95.161224 1.000000 0.864186 0.864186
102.908798 153.987091 95.666916 1.000000 0.860469 0.860469
103.168137 154.822266 96.156448 1.000000 0.845817 0.845817
103.479645 155.635757 96.652336 1.000000 0.829181 0.829181
103.813744 156.427170 97.168793 1.000000 0.834308 0.834308
104.124062 157.207977 97.714584 1.000000 0.871507 0.871507
18
109.922630 143.825745 94.954956 1.000000 0.877642 0.877642
110.244446 142.881165 95.025002 1.000000 0.829941 0.829941
110.441376 141.899765 95.078003 1.000000 0.828771 0.828771
110.563583 140.906143 95.146286 1.000000 0.854357 0.854357
110.674896 139.912842 95.236877 1.000000 0.872035 0.872035
110.819855 138.926666 95.352203 1.000000 0.882588 0.882588
110.962387 137.944397 95.498596 1.000000 0.891977 0.891977
111.026176 136.960831 95.679466 1.000000 0.890534 0.890534
111.027695 135.979416 95.889229 1.000000 0.880037 0.880037
111.078842 135.001099 96.100739 1.000000 0.880731 0.880731
111.270798 134.033051 96.257141 1.000000 0.885696 0.885696
111.566589 133.079025 96.267136 1.000000 0.881276 0.881276
111.868851 132.134872 96.120430 1.000000 0.856480 0.856480
112.179115 131.200058 95.929352 1.000000 0.827227 0.827227
112.563065 130.282059 95.800316 1.000000 0.805719 0.805719
112.965485 129.367966 95.718681 1.000000 0.803864 0.803864
113.390419 128.463348 95.759995 1.000000 0.842885 0.842885
113.797478 127.589935 96.004967 1.000000 0.891700 0.891700
19
110.966049 134.436539 92.438919 1.000000 0.894433 0.894433
111.255608 133.480957 92.526970 1.000000 0.839571 0.839571
111.565079 132.527023 92.536484 1.000000 0.769261 0.769261
111.890388 131.579102 92.490440 1.000000 0.728323 0.728323
112.293533 130.663025 92.419174 1.000000 0.747457 0.747457
112.716263 129.754684 92.381996 1.000000 0.766669 0.766669
113.146935 128.852966 92.444061 1.000000 0.772767 0.772767
113.535362 127.946381 92.618011 1.000000 0.775714 0.775714
113.849594 127.031494 92.877724 1.000000 0.773174 0.773174
114.085098 126.110260 93.194809 1.000000 0.748679 0.748679
114.272530 125.182968 93.528625 1.000000 0.719811 0.719811
114.441666 124.245506 93.843269 1.000000 0.720417 0.720417
114.587379 123.294960 94.129066 1.000000 0.754968 0.754968
114.683205 122.336464 94.408508 1.000000 0.795593 0.795593
114.718666 121.375648 94.694672 1.000000 0.834689 0.834689
114.738075 120.403915 94.941452 1.000000 0.871123 0.871123
114.830833 119.419769 95.096344 1.000000 0.883812 0.883812
115.049385 118.448029 95.201942 1.000000 0.877434 0.877434
115.337914 117.498993 95.349739 1.000000 0.889498 0.889498
11
112.467613 132.196350 91.910156 1.000000 0.852160 0.852160
112.880066 131.284668 91.839638 1.000000 0.852012 0.852012
113.328987 130.389084 91.816750 1.000000 0.865437 0.865437
113.781555 129.505539 91.929916 1.000000 0.865546 0.865546
114.192123 128.626251 92.177177 1.000000 0.873651 0.873651
114.524002 127.741936 92.509087 1.000000 0.876902 0.876902
114.758347 126.857414 92.914398 1.000000 0.850634 0.850634
114.924911 125.977432 93.365181 1.000000 0.821417 0.821417
115.076088 125.090012 93.807045 1.000000 0.805282 0.805282
115.248459 124.187187 94.207825 1.000000 0.821317 0.821317
115.455734 123.285416 94.594742 1.000000 0.863766 0.863766
20
114.856590 126.978676 95.284111 1.000000 0.891398 0.891398
114.541206 127.737701 94.719666 1.000000 0.885862 0.885862
114.164276 128.579742 94.346001 1.000000 0.863118 0.863118
113.756874 129.476059 94.184143 1.000000 0.829900 0.829900
113.353325 130.390518 94.206032 1.000000 0.820120 0.820120
112.975464 131.307907 94.349457 1.000000 0.835526 0.835526
112.645363 132.241928 94.504166 1.000000 0.851080 0.851080
112.380569 133.204987 94.577721 1.000000 0.844153 0.844153
112.203651 134.190857 94.560799 1.000000 0.842495 0.842495
112.149513 135.188446 94.494240 1.000000 0.839047 0.839047
112.189690 136.187683 94.410629 1.000000 0.830176 0.830176
112.219292 137.186111 94.316788 1.000000 0.822435 0.822435
112.083359 138.173706 94.199837 1.000000 0.805676 0.805676
111.905144 139.152863 94.077324 1.000000 0.787789 0.787789
111.692177 140.125229 93.949203 1.000000 0.780236 0.780236
111.495720 141.103531 93.843330 1.000000 0.773506 0.773506
111.293541 142.084503 93.786346 1.000000 0.767435 0.767435
111.052467 143.058105 93.759163 1.000000 0.780500 0.780500
110.776558 144.019241 93.688087 1.000000 0.838767 0.838767
110.481544 144.946960 93.468521 1.000000 0.895223 0.895223
13
113.009880 134.204025 94.291855 1.000000 0.895278 0.895278
112.909584 135.200500 94.292427 1.000000 0.874958 0.874958
112.905090 136.203751 94.273018 1.000000 0.859629 0.859629
112.909760 137.205902 94.221947 1.000000 0.839385 0.839385
112.848892 138.203186 94.140030 1.000000 0.812403 0.812403
112.686081 139.188034 94.050163 1.000000 0.782697 0.782697
112.431274 140.155640 93.972046 1.000000 0.771412 0.771412
112.179863 141.125427 93.916039 1.000000 0.774113 0.774113
111.927597 142.096466 93.910454 1.000000 0.781183 0.781183
111.671036 143.066589 93.930580 1.000000 0.797431 0.797431
111.445091 144.041931 93.896103 1.000000 0.840334 0.840334
111.323509 145.009033 93.696175 1.000000 0.872366 0.872366
111.320686 145.932129 93.313126 1.000000 0.885649 0.885649
10
114.689369 146.081238 88.393913 1.000000 0.892069 0.892069
113.715401 146.282211 88.415253 1.000000 0.895021 0.895021
112.766571 146.581238 88.526367 1.000000 0.896594 0.896594
111.811127 146.870575 88.447304 1.000000 0.872484 0.872484
110.865356 147.158463 88.302475 1.000000 0.861911 0.861911
109.948242 147.474594 88.061012 1.000000 0.862102 0.862102
109.099640 147.875092 87.721497 1.000000 0.829910 0.829910
108.319122 148.328064 87.289207 1.000000 0.759896 0.759896
107.564186 148.760315 86.794861 1.000000 0.757986 0.757986
106.829918 149.096313 86.212112 1.000000 0.865458 0.865458
11
113.602043 108.058151 90.093857 1.000000 0.872068 0.872068
113.484184 107.074310 90.248375 1.000000 0.860151 0.860151
113.429680 106.077705 90.339760 1.000000 0.850276 0.850276
113.453903 105.075790 90.366058 1.000000 0.830265 0.830265
113.525551 104.075531 90.331017 1.000000 0.813914 0.813914
113.602440 103.078491 90.246674 1.000000 0.804275 0.804275
113.671997 102.085312 90.120445 1.000000 0.811729 0.811729
113.757706 101.097549 89.965500 1.000000 0.823591 0.823591
113.889412 100.115593 89.807381 1.000000 0.839620 0.839620
114.065338 99.137619 89.667595 1.000000 0.861404 0.861404
114.250298 98.158730 89.545219 1.000000 0.880548 0.880548
12
114.625366 107.169327 92.729309 1.000000 0.887964 0.887964
114.656090 108.169426 92.650589 1.000000 0.861605 0.861605
114.660378 109.167595 92.547829 1.000000 0.867764 0.867764
114.630577 110.164658 92.435944 1.000000 0.881820 0.881820
114.637169 111.159836 92.311882 1.000000 0.888469 0.888469
114.725410 112.149406 92.174133 1.000000 0.873905 0.873905
114.833061 113.135773 92.023895 1.000000 0.851400 0.851400
114.855217 114.123550 91.858940 1.000000 0.842399 0.842399
114.708145 115.097580 91.696266 1.000000 0.826717 0.826717
114.324142 116.019554 91.599518 1.000000 0.792375 0.792375
113.874405 116.910820 91.549294 1.000000 0.776450 0.776450
113.327415 117.747574 91.598564 1.000000 0.824258 0.824258
22
108.802986 126.810997 91.852470 1.000000 0.870105 0.870105
109.613655 126.403984 91.432640 1.000000 0.813339 0.813339
110.442726 125.929413 91.161942 1.000000 0.777376 0.777376
111.230247 125.328255 91.104729 1.000000 0.760925 0.760925
111.927124 124.620392 91.215096 1.000000 0.750612 0.750612
112.527725 123.840324 91.399109 1.000000 0.784548 0.784548
112.959206 122.959549 91.581787 1.000000 0.827069 0.827069
113.171516 121.995438 91.732399 1.000000 0.802445 0.802445
113.287727 121.004120 91.833504 1.000000 0.742626 0.742626
113.444077 120.014297 91.870361 1.000000 0.696021 0.696021
113.695244 119.044670 91.855934 1.000000 0.658507 0.658507
114.105728 118.129128 91.845840 1.000000 0.623572 0.623572
114.523643 117.217880 91.869194 1.000000 0.658131 0.658131
114.906670 116.296585 91.961594 1.000000 0.736390 0.736390
115.194077 115.347610 92.104500 1.000000 0.796471 0.796471
115.344460 114.371338 92.263168 1.000000 0.814819 0.814819
115.363174 113.379967 92.410728 1.000000 0.821460 0.821460
115.301369 112.387932 92.547981 1.000000 0.850562 0.850562
115.220657 111.397636 92.689987 1.000000 0.883803 0.883803
115.191093 110.406029 92.837379 1.000000 0.898796 0.898796
115.213287 109.413162 92.982849 1.000000 0.898983 0.898983
115.222397 108.419487 93.122627 1.000000 0.892379 0.892379
12
115.027039 110.342743 90.858017 1.000000 0.880228 0.880228
115.197952 109.356560 90.933167 1.000000 0.847616 0.847616
115.327560 108.364922 91.010162 1.000000 0.822021 0.822021
115.400803 107.365494 91.056976 1.000000 0.819206 0.819206
115.466522 106.366318 91.018860 1.000000 0.832113 0.832113
115.568336 105.380417 90.871223 1.000000 0.839139 0.839139
115.688103 104.408478 90.652367 1.000000 0.843152 0.843152
115.774094 103.439636 90.406998 1.000000 0.844499 0.844499
115.788338 102.473427 90.136131 1.000000 0.836239 0.836239
115.822685 101.508652 89.862801 1.000000 0.830474 0.830474
115.928474 100.543282 89.616867 1.000000 0.838043 0.838043
116.132812 99.577744 89.447159 1.000000 0.868266 0.868266
10
116.582481 113.181183 92.678482 1.000000 0.891546 0.891546
116.528137 114.160576 92.465965 1.000000 0.886553 0.886553
116.431747 115.125847 92.215569 1.000000 0.889401 0.889401
116.213425 116.057671 91.925133 1.000000 0.879315 0.879315
115.854828 116.953873 91.659874 1.000000 0.829644 0.829644
115.400337 117.823143 91.456917 1.000000 0.752726 0.752726
114.899284 118.682785 91.338875 1.000000 0.728350 0.728350
114.444420 119.574005 91.290619 1.000000 0.776571 0.776571
114.131561 120.520752 91.231621 1.000000 0.819589 0.819589
113.937119 121.498100 91.117081 1.000000 0.882535 0.882535
11
121.935020 109.346252 92.215118 1.000000 0.887961 0.887961
122.135574 108.364273 92.160629 1.000000 0.872742 0.872742
122.321922 107.381271 92.084579 1.000000 0.868560 0.868560
122.476715 106.394913 91.983009 1.000000 0.871719 0.871719
122.620888 105.408638 91.865768 1.000000 0.873094 0.873094
122.802475 104.434166 91.712990 1.000000 0.871725 0.871725
123.041924 103.482422 91.507416 1.000000 0.866049 0.866049
123.313759 102.547646 91.264519 1.000000 0.857219 0.857219
123.589020 101.615143 91.016617 1.000000 0.853894 0.853894
123.853516 100.674744 90.787987 1.000000 0.866859 0.866859
124.089386 99.715752 90.615685 1.000000 0.897629 0.897629
20
124.910591 99.008736 90.088577 1.000000 0.895894 0.895894
124.674370 99.965080 90.278870 1.000000 0.869309 0.869309
124.423027 100.908897 90.508034 1.000000 0.835721 0.835721
124.180298 101.847412 90.766861 1.000000 0.813115 0.813115
123.951340 102.786682 91.035515 1.000000 0.812427 0.812427
123.726196 103.728279 91.299248 1.000000 0.820515 0.820515
123.504517 104.676811 91.539574 1.000000 0.819912 0.819912
123.304443 105.637939 91.746384 1.000000 0.809898 0.809898
123.128067 106.609215 91.927071 1.000000 0.800598 0.800598
122.944443 107.582703 92.087082 1.000000 0.803371 0.803371
122.735947 108.556885 92.204155 1.000000 0.818645 0.818645
122.540977 109.539398 92.248871 1.000000 0.837871 0.837871
122.467751 110.540138 92.220306 1.000000 0.844499 0.844499
122.422615 111.542175 92.192192 1.000000 0.831672 0.831672
122.408257 112.545609 92.167503 1.000000 0.808079 0.808079
122.401505 113.549286 92.153625 1.000000 0.803890 0.803890
122.428886 114.552277 92.159576 1.000000 0.817040 0.817040
122.519188 115.551361 92.167976 1.000000 0.818893 0.818893
122.647186 116.546501 92.147377 1.000000 0.823041 0.823041
122.757271 117.541618 92.083000 1.000000 0.858876 0.858876
14
123.206665 99.484444 86.310173 1.000000 0.866162 0.866162
123.314255 98.505051 86.122559 1.000000 0.809421 0.809421
123.427544 97.545479 85.856064 1.000000 0.787615 0.787615
123.515419 96.607529 85.512543 1.000000 0.794360 0.794360
123.581177 95.682487 85.129974 1.000000 0.809931 0.809931
123.647644 94.756050 84.751045 1.000000 0.818505 0.818505
123.736931 93.819496 84.403259 1.000000 0.832868 0.832868
123.843155 92.874702 84.082611 1.000000 0.849618 0.849618
123.934715 91.928146 83.762947 1.000000 0.871874 0.871874
124.002090 90.987885 83.419777 1.000000 0.890938 0.890938
124.086403 90.059677 83.049484 1.000000 0.889161 0.889161
124.214546 89.134483 82.684128 1.000000 0.884051 0.884051
124.318039 88.192146 82.355400 1.000000 0.884986 0.884986
124.371613 87.251076 82.015312 1.000000 0.899188 0.899188
16
122.522697 106.782539 89.312233 1.000000 0.898123 0.898123
122.644104 105.792305 89.204742 1.000000 0.864712 0.864712
122.778854 104.811958 89.041016 1.000000 0.832461 0.832461
122.949249 103.848770 88.819252 1.000000 0.813640 0.813640
123.144165 102.901947 88.550903 1.000000 0.809348 0.809348
123.335052 101.960625 88.260666 1.000000 0.811287 0.811287
123.502403 101.010803 87.984543 1.000000 0.810967 0.810967
123.652534 100.047829 87.746239 1.000000 0.799142 0.799142
123.797455 99.077934 87.532913 1.000000 0.785281 0.785281
123.922371 98.109550 87.302521 1.000000 0.792236 0.792236
124.005516 97.150345 87.022156 1.000000 0.808068 0.808068
124.045235 96.202850 86.695381 1.000000 0.832805 0.832805
124.058525 95.258476 86.356705 1.000000 0.857355 0.857355
124.073555 94.303726 86.049767 1.000000 0.869245 0.869245
124.100250 93.334984 85.789856 1.000000 0.871096 0.871096
124.110016 92.368172 85.520943 1.000000 0.895086 0.895086
26
124.012779 125.290779 91.713631 1.000000 0.891058 0.891058
123.672310 124.357506 91.842865 1.000000 0.865300 0.865300
123.417442 123.395615 91.970093 1.000000 0.825341 0.825341
123.203796 122.424164 92.102600 1.000000 0.784398 0.784398
123.028831 121.448753 92.259148 1.000000 0.792363 0.792363
122.917702 120.467903 92.435860 1.000000 0.832726 0.832726
122.895599 119.483368 92.623276 1.000000 0.847011 0.847011
122.925873 118.495575 92.798027 1.000000 0.828367 0.828367
122.928604 117.501175 92.928772 1.000000 0.779319 0.779319
122.875557 116.502625 93.009552 1.000000 0.727020 0.727020
122.795769 115.502876 93.044533 1.000000 0.707706 0.707706
122.736328 114.501114 93.044380 1.000000 0.705955 0.705955
122.716888 113.497681 93.033752 1.000000 0.712752 0.712752
122.719994 112.493866 93.030739 1.000000 0.737817 0.737817
122.732819 111.490311 93.045944 1.000000 0.771713 0.771713
122.778732 110.488632 93.083504 1.000000 0.801199 0.801199
122.899277 109.493904 93.107704 1.000000 0.812365 0.812365
123.093925 108.512131 93.058891 1.000000 0.809333 0.809333
123.307968 107.541206 92.926071 1.000000 0.802741 0.802741
123.507698 106.574425 92.745979 1.000000 0.811159 0.811159
123.712891 105.614540 92.538017 1.000000 0.834890 0.834890
123.948509 104.669449 92.298141 1.000000 0.854398 0.854398
124.196732 103.734749 92.030945 1.000000 0.857596 0.857596
124.422371 102.794846 91.761627 1.000000 0.853180 0.853180
124.660126 101.854691 91.504417 1.000000 0.864020 0.864020
124.926590 100.913284 91.283325 1.000000 0.892216 0.892216
19
123.268478 109.660507 89.861450 1.000000 0.882197 0.882197
123.497292 108.689659 89.754486 1.000000 0.844083 0.844083
123.718643 107.722443 89.608673 1.000000 0.792364 0.792364
123.884453 106.748192 89.435257 1.000000 0.729566 0.729566
124.023499 105.772049 89.247963 1.000000 0.703642 0.703642
124.159538 104.800270 89.037865 1.000000 0.704385 0.704385
124.295578 103.836609 88.793716 1.000000 0.707218 0.707218
124.434174 102.883537 88.512581 1.000000 0.715124 0.715124
124.605026 101.948189 88.192192 1.000000 0.738621 0.738621
124.800468 101.018547 87.870316 1.000000 0.771341 0.771341
125.052849 100.104904 87.543076 1.000000 0.783112 0.783112
125.345726 99.206726 87.205780 1.000000 0.775855 0.775855
125.628647 98.309113 86.859062 1.000000 0.768917 0.768917
125.868500 97.398323 86.514473 1.000000 0.757553 0.757553
126.074280 96.472328 86.188057 1.000000 0.750643 0.750643
126.283150 95.537163 85.891075 1.000000 0.752956 0.752956
126.520851 94.600945 85.619995 1.000000 0.764801 0.764801
126.769508 93.668266 85.346306 1.000000 0.803366 0.803366
126.976982 92.735512 85.043007 1.000000 0.857416 0.857416
21
123.918854 106.881973 88.543709 1.000000 0.823457 0.823457
123.965416 105.897980 88.351578 1.000000 0.773676 0.773676
124.023582 104.920326 88.133186 1.000000 0.767137 0.767137
124.098495 103.959877 87.852180 1.000000 0.787137 0.787137
124.179985 103.005928 87.552437 1.000000 0.813057 0.813057
124.269829 102.060577 87.228371 1.000000 0.836617 0.836617
124.381851 101.118263 86.902924 1.000000 0.853309 0.853309
124.556244 100.184952 86.581169 1.000000 0.841284 0.841284
124.795677 99.269318 86.248901 1.000000 0.803517 0.803517
125.039604 98.361839 85.898125 1.000000 0.764755 0.764755
125.237061 97.447350 85.537216 1.000000 0.729686 0.729686
125.383194 96.521942 85.178825 1.000000 0.702430 0.702430
125.523529 95.591713 84.830505 1.000000 0.700366 0.700366
125.718124 94.663185 84.506607 1.000000 0.714714 0.714714
125.978928 93.742813 84.205307 1.000000 0.751253 0.751253
126.259872 92.830978 83.895615 1.000000 0.814353 0.814353
126.524513 91.924263 83.558060 1.000000 0.857920 0.857920
126.796097 91.024849 83.206863 1.000000 0.864770 0.864770
127.088722 90.131615 82.856514 1.000000 0.855261 0.855261
127.368645 89.243713 82.484116 1.000000 0.878125 0.878125
127.597954 88.359688 82.071198 1.000000 0.896460 0.896460
60
127.765488 153.322769 79.550812 1.000000 0.896943 0.896943
127.708618 153.964233 80.316238 1.000000 0.850941 0.850941
127.639618 154.510422 81.149506 1.000000 0.830272 0.830272
127.570168 154.912262 82.058487 1.000000 0.823123 0.823123
127.508705 155.136429 83.027130 1.000000 0.817672 0.817672
127.464928 155.192276 84.021576 1.000000 0.809171 0.809171
127.461159 155.106033 85.015373 1.000000 0.799615 0.799615
127.525177 154.899689 85.989304 1.000000 0.782452 0.782452
127.663734 154.583527 86.925766 1.000000 0.759405 0.759405
127.859512 154.165573 87.811562 1.000000 0.733787 0.733787
128.096664 153.658691 88.639725 1.000000 0.715809 0.715809
128.358124 153.071259 89.405594 1.000000 0.725285 0.725285
128.600922 152.392487 90.097519 1.000000 0.771598 0.771598
128.729477 151.592575 90.673309 1.000000 0.813704 0.813704
128.678986 150.689606 91.089882 1.000000 0.799189 0.799189
128.517929 149.746414 91.388733 1.000000 0.772509 0.772509
128.321564 148.795578 91.641937 1.000000 0.749504 0.749504
128.106964 147.843109 91.873405 1.000000 0.737126 0.737126
127.878326 146.888184 92.079948 1.000000 0.748802 0.748802
127.653366 145.928787 92.269699 1.000000 0.782278 0.782278
127.458359 144.960312 92.445297 1.000000 0.829459 0.829459
127.305771 143.977936 92.577721 1.000000 0.871431 0.871431
127.175537 142.985428 92.633301 1.000000 0.894549 0.894549
127.042488 141.991089 92.616043 1.000000 0.893323 0.893323
126.925583 140.995361 92.570145 1.000000 0.866675 0.866675
126.844696 139.995834 92.527824 1.000000 0.819347 0.819347
126.783707 138.995102 92.479240 1.000000 0.768842 0.768842
126.703682 137.998016 92.401878 1.000000 0.745529 0.745529
126.574509 137.007538 92.306358 1.000000 0.741814 0.741814
126.428696 136.017441 92.234993 1.000000 0.735271 0.735271
126.319382 135.020477 92.205696 1.000000 0.725094 0.725094
126.223732 134.021271 92.201225 1.000000 0.727435 0.727435
126.075172 133.029480 92.203629 1.000000 0.763052 0.763052
125.822800 132.059952 92.211029 1.000000 0.812478 0.812478
125.509468 131.107132 92.239647 1.000000 0.854555 0.854555
125.272430 130.137619 92.306801 1.000000 0.861388 0.861388
125.152771 129.146667 92.405861 1.000000 0.829649 0.829649
125.067245 128.153564 92.523918 1.000000 0.816903 0.816903
124.980774 127.163261 92.662315 1.000000 0.818087 0.818087
124.902382 126.176620 92.828186 1.000000 0.801486 0.801486
124.841141 125.191536 93.010437 1.000000 0.751944 0.751944
124.784668 124.203415 93.176353 1.000000 0.678932 0.678932
124.714828 123.211365 93.311485 1.000000 0.619283 0.619283
124.640099 122.218880 93.441238 1.000000 0.604771 0.604771
124.585785 121.228821 93.595444 1.000000 0.648431 0.648431
124.572174 120.240242 93.767090 1.000000 0.710698 0.710698
124.599594 119.247871 93.911545 1.000000 0.756599 0.756599
124.635429 118.248436 93.986908 1.000000 0.766599 0.766599
124.642593 117.245102 94.002525 1.000000 0.722299 0.722299
124.616249 116.241859 93.988792 1.000000 0.634208 0.634208
124.572174 115.239937 93.948509 1.000000 0.560217 0.560217
124.519859 114.239357 93.887489 1.000000 0.532481 0.532481
124.460823 113.239006 93.829147 1.000000 0.560558 0.560558
124.410782 112.237282 93.791229 1.000000 0.605630 0.605630
124.408768 111.234291 93.777054 1.000000 0.668102 0.668102
124.558777 110.242043 93.754196 1.000000 0.740931 0.740931
124.744270 109.258179 93.700874 1.000000 0.810832 0.810832
124.966156 108.286018 93.590065 1.000000 0.859993 0.859993
125.206657 107.323586 93.439842 1.000000 0.882286 0.882286
125.517128 106.387962 93.261818 1.000000 0.896308 0.896308
37
124.452820 122.134033 97.849236 1.000000 0.879152 0.879152
124.435638 123.109108 97.612488 1.000000 0.856170 0.856170
124.431938 124.080635 97.362717 1.000000 0.836064 0.836064
124.495483 125.024063 97.035576 1.000000 0.788970 0.788970
124.636597 125.933273 96.637970 1.000000 0.742052 0.742052
124.796463 126.832512 96.223358 1.000000 0.725342 0.725342
124.900101 127.749054 95.832481 1.000000 0.748182 0.748182
124.893745 128.688950 95.487976 1.000000 0.756854 0.756854
124.771530 129.637527 95.188911 1.000000 0.756405 0.756405
124.591469 130.591644 94.936989 1.000000 0.803012 0.803012
124.512215 131.570816 94.772995 1.000000 0.860698 0.860698
124.581940 132.567688 94.723854 1.000000 0.837606 0.837606
124.632744 133.567734 94.755020 1.000000 0.797097 0.797097
124.589500 134.566620 94.834686 1.000000 0.780680 0.780680
124.521149 135.563095 94.933556 1.000000 0.792229 0.792229
124.525124 136.562820 94.983955 1.000000 0.812881 0.812881
124.618256 137.559784 94.939133 1.000000 0.818814 0.818814
124.706184 138.555252 94.851410 1.000000 0.825583 0.825583
124.677254 139.553513 94.808975 1.000000 0.836775 0.836775
124.474831 140.532318 94.832069 1.000000 0.833551 0.833551
124.158432 141.483765 94.852516 1.000000 0.853674 0.853674
123.889702 142.446182 94.807854 1.000000 0.883501 0.883501
123.773422 143.432663 94.699890 1.000000 0.891276 0.891276
123.810066 144.423874 94.563972 1.000000 0.882200 0.882200
123.993553 145.395782 94.410583 1.000000 0.864227 0.864227
124.305794 146.333191 94.243233 1.000000 0.855438 0.855438
124.660301 147.252518 94.054634 1.000000 0.839455 0.839455
124.971405 148.177368 93.824959 1.000000 0.796705 0.796705
125.225769 149.107498 93.549507 1.000000 0.768181 0.768181
125.434296 150.034286 93.228371 1.000000 0.787576 0.787576
125.558426 150.951965 92.849075 1.000000 0.830976 0.830976
125.527412 151.837280 92.391899 1.000000 0.853118 0.853118
125.365334 152.652893 91.838043 1.000000 0.858036 0.858036
125.159019 153.380096 91.183342 1.000000 0.843157 0.843157
124.951088 154.027512 90.449287 1.000000 0.827513 0.827513
124.741982 154.624390 89.673203 1.000000 0.829142 0.829142
124.528641 155.218109 88.895813 1.000000 0.854534 0.854534
26
124.086082 133.126953 93.359749 1.000000 0.868127 0.868127
124.203880 134.116882 93.414391 1.000000 0.838123 0.838123
124.182167 135.116714 93.492432 1.000000 0.830951 0.830951
124.158913 136.117737 93.541206 1.000000 0.846073 0.846073
124.231201 137.116272 93.517105 1.000000 0.849758 0.849758
124.362473 138.110260 93.470367 1.000000 0.839079 0.839079
124.421364 139.108841 93.480522 1.000000 0.844046 0.844046
124.318314 140.099442 93.560356 1.000000 0.853103 0.853103
124.090996 141.071884 93.654099 1.000000 0.873632 0.873632
123.949875 142.065323 93.626526 1.000000 0.888441 0.888441
123.888817 143.061020 93.559624 1.000000 0.876792 0.876792
123.952904 144.054031 93.438820 1.000000 0.861459 0.861459
124.135231 145.027100 93.288765 1.000000 0.849606 0.849606
124.447250 145.961746 93.109497 1.000000 0.831471 0.831471
124.803780 146.875351 92.898987 1.000000 0.815735 0.815735
125.088783 147.801483 92.646141 1.000000 0.780116 0.780116
125.288208 148.737854 92.348343 1.000000 0.757372 0.757372
125.442139 149.666763 92.003258 1.000000 0.775073 0.775073
125.560898 150.572098 91.590683 1.000000 0.803234 0.803234
125.617859 151.430069 91.080505 1.000000 0.820189 0.820189
125.611412 152.204697 90.450600 1.000000 0.816437 0.816437
125.571190 152.879730 89.714844 1.000000 0.801371 0.801371
125.512878 153.467911 88.908203 1.000000 0.793456 0.793456
125.440903 153.987808 88.056679 1.000000 0.803552 0.803552
125.378677 154.455032 87.174416 1.000000 0.842207 0.842207
125.363556 154.880966 86.269943 1.000000 0.895285 0.895285
11
123.379562 144.979736 91.311455 1.000000 0.892459 0.892459
123.755646 145.900848 91.200157 1.000000 0.886778 0.886778
124.186211 146.792603 91.041130 1.000000 0.878838 0.878838
124.534767 147.703018 90.826263 1.000000 0.885120 0.885120
124.616043 148.655151 90.520065 1.000000 0.888112 0.888112
124.680305 149.590820 90.167458 1.000000 0.894102 0.894102
124.769073 150.476746 89.712952 1.000000 0.893845 0.893845
124.940880 151.292160 89.160400 1.000000 0.890076 0.890076
125.140419 152.035568 88.521637 1.000000 0.891918 0.891918
125.283363 152.700562 87.791924 1.000000 0.894001 0.894001
125.362701 153.279648 86.982109 1.000000 0.899480 0.899480
13
124.416290 145.777756 94.911201 1.000000 0.888285 0.888285
124.779411 146.699432 94.752441 1.000000 0.877542 0.877542
125.123413 147.621307 94.560120 1.000000 0.839762 0.839762
125.407829 148.552490 94.320175 1.000000 0.790479 0.790479
125.643669 149.486496 94.040741 1.000000 0.782169 0.782169
125.821579 150.421753 93.726349 1.000000 0.822713 0.822713
125.850227 151.352631 93.369431 1.000000 0.866989 0.866989
125.640854 152.242905 92.975899 1.000000 0.873325 0.873325
125.260437 153.067245 92.554070 1.000000 0.880745 0.880745
124.815598 153.835419 92.090134 1.000000 0.882585 0.882585
124.289406 154.550507 91.625069 1.000000 0.886393 0.886393
123.721016 155.264313 91.216309 1.000000 0.888454 0.888454
123.053658 155.958908 90.952309 1.000000 0.898729 0.898729
11
124.698349 108.102898 89.177986 1.000000 0.836931 0.836931
124.869987 107.141365 88.948631 1.000000 0.710503 0.710503
125.018539 106.174332 88.725166 1.000000 0.644623 0.644623
125.166748 105.204865 88.512154 1.000000 0.649158 0.649158
125.305649 104.234779 88.296059 1.000000 0.671776 0.671776
125.449463 103.271271 88.056137 1.000000 0.701057 0.701057
125.743851 102.353706 87.776794 1.000000 0.742195 0.742195
126.101280 101.459488 87.503906 1.000000 0.799436 0.799436
126.603928 100.638954 87.233139 1.000000 0.786261 0.786261
127.209305 99.887253 86.963097 1.000000 0.801660 0.801660
127.836571 99.141701 86.728966 1.000000 0.861935 0.861935
11
126.027481 108.365395 90.376305 1.000000 0.881925 0.881925
126.147461 107.397903 90.145874 1.000000 0.802857 0.802857
126.367683 106.447166 89.917610 1.000000 0.749751 0.749751
126.646774 105.505150 89.714073 1.000000 0.743023 0.743023
126.927940 104.561035 89.523041 1.000000 0.757976 0.757976
127.217957 103.619926 89.331184 1.000000 0.766830 0.766830
127.576691 102.705994 89.131432 1.000000 0.782394 0.782394
128.029556 101.840096 88.910561 1.000000 0.805176 0.805176
128.553329 101.020760 88.667473 1.000000 0.824683 0.824683
129.121582 100.230949 88.425751 1.000000 0.842793 0.842793
129.722855 99.457657 88.213158 1.000000 0.869976 0.869976
48
135.798920 152.720428 94.054886 1.000000 0.886838 0.886838
135.111282 152.062363 93.742996 1.000000 0.856965 0.856965
134.378632 151.430954 93.482903 1.000000 0.854085 0.854085
133.610901 150.825775 93.263779 1.000000 0.850684 0.850684
132.841309 150.216446 93.062614 1.000000 0.825300 0.825300
132.106674 149.567932 92.854988 1.000000 0.820345 0.820345
131.438232 148.853943 92.640953 1.000000 0.849689 0.849689
130.862671 148.055862 92.460571 1.000000 0.865122 0.865122
130.364960 147.193146 92.355888 1.000000 0.827509 0.827509
129.914719 146.297882 92.316444 1.000000 0.773970 0.773970
129.506622 145.381775 92.318481 1.000000 0.748680 0.748680
129.158478 144.441956 92.353394 1.000000 0.765937 0.765937
128.875137 143.480240 92.389412 1.000000 0.788572 0.788572
128.617798 142.510406 92.390480 1.000000 0.794953 0.794953
128.350098 141.543564 92.362587 1.000000 0.789713 0.789713
128.094574 140.573654 92.337379 1.000000 0.771651 0.771651
127.908981 139.588394 92.325089 1.000000 0.738277 0.738277
127.805901 138.590729 92.301857 1.000000 0.697276 0.697276
127.726646 137.591278 92.254410 1.000000 0.692045 0.692045
127.592087 136.598190 92.221191 1.000000 0.700200 0.700200
127.391037 135.616043 92.249405 1.000000 0.658731 0.658731
127.196342 134.634384 92.322083 1.000000 0.599230 0.599230
127.037926 133.645920 92.393646 1.000000 0.594616 0.594616
126.865349 132.658905 92.446953 1.000000 0.665585 0.665585
126.639122 131.682541 92.493202 1.000000 0.730915 0.730915
126.396187 130.710526 92.550079 1.000000 0.763440 0.763440
126.201279 129.730103 92.630661 1.000000 0.757736 0.757736
126.063751 128.741608 92.735428 1.000000 0.742855 0.742855
125.966827 127.750069 92.856003 1.000000 0.752055 0.752055
125.916428 126.756538 92.987198 1.000000 0.757717 0.757717
125.911133 125.762314 93.123817 1.000000 0.736551 0.736551
125.914963 124.767212 93.254913 1.000000 0.687988 0.687988
125.882317 123.771461 93.374107 1.000000 0.631445 0.631445
125.808960 122.777687 93.494057 1.000000 0.596977 0.596977
125.729507 121.787148 93.634499 1.000000 0.595712 0.595712
125.672554 120.798706 93.798553 1.000000 0.633791 0.633791
125.646957 119.808731 93.961052 1.000000 0.687496 0.687496
125.652664 118.812767 94.080666 1.000000 0.722238 0.722238
125.680176 117.811508 94.140778 1.000000 0.709950 0.709950
125.716896 116.808640 94.162216 1.000000 0.643985 0.643985
125.754326 115.805710 94.153679 1.000000 0.574601 0.574601
125.778580 114.803650 94.105438 1.000000 0.555087 0.555087
125.783516 113.802719 94.030029 1.000000 0.590853 0.590853
125.810005 112.801231 93.966782 1.000000 0.654004 0.654004
125.877831 111.802048 93.913162 1.000000 0.711933 0.711933
126.031700 110.812286 93.862122 1.000000 0.761424 0.761424
126.220398 109.829346 93.788506 1.000000 0.825938 0.825938
126.349289 108.839233 93.700829 1.000000 0.891574 0.891574
35
125.786072 125.668221 99.412682 1.000000 0.895386 0.895386
126.276840 126.429848 98.987366 1.000000 0.859046 0.859046
126.651695 127.257652 98.570053 1.000000 0.859789 0.859789
126.891144 128.150589 98.188065 1.000000 0.854629 0.854629
127.006828 129.079987 97.833008 1.000000 0.835945 0.835945
127.030083 130.011093 97.462273 1.000000 0.809373 0.809373
126.996529 130.933517 97.069878 1.000000 0.784977 0.784977
126.922318 131.860123 96.693825 1.000000 0.766307 0.766307
126.817276 132.809326 96.390999 1.000000 0.751496 0.751496
126.698006 133.785446 96.200523 1.000000 0.743025 0.743025
126.575035 134.780304 96.148247 1.000000 0.769082 0.769082
126.485794 135.778366 96.099274 1.000000 0.804358 0.804358
126.475975 136.778336 96.029449 1.000000 0.797547 0.797547
126.521507 137.773407 95.910294 1.000000 0.745450 0.745450
126.582779 138.760590 95.741318 1.000000 0.705692 0.705692
126.642021 139.743149 95.545303 1.000000 0.723761 0.723761
126.687843 140.726593 95.350365 1.000000 0.785281 0.785281
126.697235 141.711456 95.159035 1.000000 0.839690 0.839690
126.625183 142.685745 94.936714 1.000000 0.860427 0.860427
126.461578 143.635559 94.660614 1.000000 0.874102 0.874102
126.322243 144.581100 94.360847 1.000000 0.889663 0.889663
126.330582 145.539276 94.078255 1.000000 0.871883 0.871883
126.430748 146.500534 93.809006 1.000000 0.810223 0.810223
126.543968 147.457581 93.529518 1.000000 0.733676 0.733676
126.647690 148.407593 93.224022 1.000000 0.702383 0.702383
126.746201 149.348648 92.890366 1.000000 0.722192 0.722192
126.823242 150.280945 92.528648 1.000000 0.763142 0.763142
126.820084 151.190826 92.112877 1.000000 0.795355 0.795355
126.697258 152.038254 91.600029 1.000000 0.790684 0.790684
126.503746 152.793747 90.974976 1.000000 0.765150 0.765150
126.301735 153.462540 90.258995 1.000000 0.740437 0.740437
126.103073 154.059448 89.481102 1.000000 0.740471 0.740471
125.906593 154.594818 88.659035 1.000000 0.763334 0.763334
125.728600 155.086960 87.806267 1.000000 0.811552 0.811552
125.606003 155.565414 86.936760 1.000000 0.876406 0.876406
17
126.156143 137.842728 98.606270 1.000000 0.897257 0.897257
126.532684 138.667099 98.177185 1.000000 0.868258 0.868258
126.881912 139.520813 97.787491 1.000000 0.850401 0.850401
127.216171 140.398666 97.435783 1.000000 0.853833 0.853833
127.580170 141.262085 97.079063 1.000000 0.858823 0.858823
127.954697 142.124191 96.729584 1.000000 0.845712 0.845712
128.286041 143.013779 96.408867 1.000000 0.808546 0.808546
128.533844 143.936462 96.106819 1.000000 0.748372 0.748372
128.697525 144.881653 95.814453 1.000000 0.669461 0.669461
128.808411 145.839203 95.536255 1.000000 0.629442 0.629442
128.883423 146.800797 95.259773 1.000000 0.655544 0.655544
128.921585 147.753983 94.950317 1.000000 0.701173 0.701173
128.927078 148.688660 94.587120 1.000000 0.763839 0.763839
128.925385 149.605362 94.180138 1.000000 0.833131 0.833131
128.957443 150.508102 93.745071 1.000000 0.857891 0.857891
129.027313 151.393616 93.279900 1.000000 0.872381 0.872381
129.090134 152.256836 92.774361 1.000000 0.891386 0.891386
13
125.081093 144.695618 92.379753 1.000000 0.893858 0.893858
125.546440 145.572403 92.235626 1.000000 0.868152 0.868152
125.894997 146.489517 92.025505 1.000000 0.837963 0.837963
126.171768 147.422134 91.792030 1.000000 0.797601 0.797601
126.341751 148.369873 91.512985 1.000000 0.775772 0.775772
126.460342 149.312119 91.190247 1.000000 0.781853 0.781853
126.538986 150.235428 90.808701 1.000000 0.804960 0.804960
126.529922 151.106964 90.322746 1.000000 0.823846 0.823846
126.431305 151.878159 89.698502 1.000000 0.816142 0.816142
126.305435 152.542557 88.962395 1.000000 0.805126 0.805126
126.187599 153.123917 88.157173 1.000000 0.807978 0.807978
126.087219 153.635132 87.303596 1.000000 0.831966 0.831966
126.022415 154.071579 86.407059 1.000000 0.873219 0.873219
18
124.413864 145.233963 90.074593 1.000000 0.891338 0.891338
125.207161 145.845749 90.060616 1.000000 0.844372 0.844372
125.946243 146.522888 90.052742 1.000000 0.831242 0.831242
126.666344 147.219742 90.043892 1.000000 0.833042 0.833042
127.321686 147.975403 90.008934 1.000000 0.818221 0.818221
127.874023 148.806122 89.930710 1.000000 0.784298 0.784298
128.315308 149.699799 89.828156 1.000000 0.773738 0.773738
128.660522 150.630844 89.691643 1.000000 0.809150 0.809150
128.855286 151.565323 89.418709 1.000000 0.857958 0.857958
128.795486 152.392548 88.891647 1.000000 0.823840 0.823840
128.580811 153.048599 88.172722 1.000000 0.776570 0.776570
128.355469 153.574127 87.354286 1.000000 0.760376 0.760376
128.171722 153.980484 86.461868 1.000000 0.762789 0.762789
128.051392 154.256027 85.511345 1.000000 0.767051 0.767051
128.002991 154.388962 84.524803 1.000000 0.769059 0.769059
128.016418 154.363220 83.528992 1.000000 0.782966 0.782966
128.072891 154.161438 82.555305 1.000000 0.810182 0.810182
128.151611 153.785690 81.635391 1.000000 0.848186 0.848186
14
124.867889 145.037689 93.962448 1.000000 0.887145 0.887145
125.200348 145.963913 93.768669 1.000000 0.863587 0.863587
125.510841 146.889847 93.544060 1.000000 0.819622 0.819622
125.732948 147.829819 93.275581 1.000000 0.749364 0.749364
125.899124 148.771271 92.971619 1.000000 0.717339 0.717339
126.039780 149.705948 92.635643 1.000000 0.741860 0.741860
126.100327 150.618423 92.223236 1.000000 0.786600 0.786600
126.090576 151.504150 91.761452 1.000000 0.808923 0.808923
125.982803 152.312119 91.184845 1.000000 0.803332 0.803332
125.841934 153.020782 90.494331 1.000000 0.780986 0.780986
125.700294 153.640564 89.722260 1.000000 0.764623 0.764623
125.557343 154.190887 88.899094 1.000000 0.771010 0.771010
125.417778 154.692261 88.044456 1.000000 0.800643 0.800643
125.308685 155.170563 87.172554 1.000000 0.858090 0.858090
15
127.140182 144.392593 96.169678 1.000000 0.880303 0.880303
127.168915 145.304794 95.755775 1.000000 0.853174 0.853174
127.228844 146.245529 95.414711 1.000000 0.816422 0.816422
127.319397 147.198349 95.113350 1.000000 0.781622 0.781622
127.405922 148.147827 94.801216 1.000000 0.775471 0.775471
127.470215 149.086716 94.453896 1.000000 0.798237 0.798237
127.519279 150.018387 94.084900 1.000000 0.830037 0.830037
127.544601 150.945389 93.702629 1.000000 0.858758 0.858758
127.479393 151.850861 93.283142 1.000000 0.879600 0.879600
127.269341 152.704834 92.808876 1.000000 0.869678 0.869678
126.954285 153.500366 92.288300 1.000000 0.838385 0.838385
126.610130 154.224457 91.687126 1.000000 0.810211 0.810211
126.262062 154.924149 91.061035 1.000000 0.803364 0.803364
125.913437 155.581329 90.390556 1.000000 0.825551 0.825551
125.587715 156.236786 89.707207 1.000000 0.866221 0.866221
23
125.451584 137.895569 98.594582 1.000000 0.899533 0.899533
125.840454 138.618271 98.025780 1.000000 0.863557 0.863557
126.142387 139.444061 97.548485 1.000000 0.833029 0.833029
126.391434 140.326645 97.143578 1.000000 0.833976 0.833976
126.628143 141.222839 96.760185 1.000000 0.862681 0.862681
126.858963 142.112976 96.359901 1.000000 0.884345 0.884345
127.010056 143.014465 95.954636 1.000000 0.877403 0.877403
127.020706 143.932159 95.556587 1.000000 0.856216 0.856216
126.956955 144.858093 95.176010 1.000000 0.844840 0.844840
126.935440 145.800522 94.836227 1.000000 0.824638 0.824638
126.984406 146.755630 94.533653 1.000000 0.775825 0.775825
127.063782 147.710419 94.235390 1.000000 0.734092 0.734092
127.143059 148.657379 93.913635 1.000000 0.734351 0.734351
127.215134 149.595871 93.566277 1.000000 0.766240 0.766240
127.265831 150.527985 93.199135 1.000000 0.802995 0.802995
127.235527 151.440384 92.789383 1.000000 0.830881 0.830881
127.076370 152.297775 92.301842 1.000000 0.823430 0.823430
126.826630 153.078903 91.728760 1.000000 0.792696 0.792696
126.553055 153.790649 91.080528 1.000000 0.764349 0.764349
126.278915 154.405487 90.339096 1.000000 0.753096 0.753096
126.005035 154.995300 89.578323 1.000000 0.772502 0.772502
125.747223 155.550842 88.786552 1.000000 0.813696 0.813696
125.533279 156.118561 87.990997 1.000000 0.873612 0.873612
19
124.399895 108.564568 89.243156 1.000000 0.884825 0.884825
124.607208 107.607498 89.029396 1.000000 0.781897 0.781897
124.753365 106.639343 88.809570 1.000000 0.680124 0.680124
124.887100 105.667763 88.596519 1.000000 0.657019 0.657019
125.016243 104.695763 88.382675 1.000000 0.670035 0.670035
125.136551 103.727272 88.149246 1.000000 0.694401 0.694401
125.284904 102.773033 87.879257 1.000000 0.728046 0.728046
125.512177 101.845139 87.577553 1.000000 0.783591 0.783591
125.853058 100.958702 87.264435 1.000000 0.820212 0.820212
126.327675 100.140930 86.941772 1.000000 0.797316 0.797316
126.887352 99.369003 86.632317 1.000000 0.811630 0.811630
127.436478 98.573311 86.371635 1.000000 0.849159 0.849159
127.909721 97.714584 86.175865 1.000000 0.860976 0.860976
128.294449 96.800102 86.032166 1.000000 0.849205 0.849205
128.644409 95.872459 85.877663 1.000000 0.846097 0.846097
128.995804 94.954964 85.679161 1.000000 0.855425 0.855425
129.343430 94.055336 85.405167 1.000000 0.854168 0.854168
129.684875 93.159142 85.111023 1.000000 0.859078 0.859078
130.059677 92.260384 84.877457 1.000000 0.881749 0.881749
58
128.014313 153.582993 79.304298 1.000000 0.870814 0.870814
127.918243 154.203720 80.082901 1.000000 0.828123 0.828123
127.838821 154.733673 80.925568 1.000000 0.806315 0.806315
127.779930 155.120148 81.841934 1.000000 0.793839 0.793839
127.741432 155.334534 82.814392 1.000000 0.781908 0.781908
127.721336 155.392517 83.809990 1.000000 0.770087 0.770087
127.728432 155.321747 84.805595 1.000000 0.763915 0.763915
127.782539 155.142227 85.786072 1.000000 0.760389 0.760389
127.896652 154.859207 86.736519 1.000000 0.756915 0.756915
128.066605 154.472763 87.641441 1.000000 0.749326 0.749326
128.284149 153.990509 88.489029 1.000000 0.739119 0.739119
128.537521 153.422623 89.271812 1.000000 0.740867 0.740867
128.789612 152.765747 89.981903 1.000000 0.775055 0.775055
128.949860 151.992950 90.588905 1.000000 0.819718 0.819718
128.930191 151.108994 91.044487 1.000000 0.817870 0.817870
128.777054 150.173111 91.365578 1.000000 0.787577 0.787577
128.579971 149.223358 91.622330 1.000000 0.763721 0.763721
128.370483 148.271042 91.859261 1.000000 0.738304 0.738304
128.149429 147.316742 92.076744 1.000000 0.732137 0.732137
127.930061 146.357910 92.275642 1.000000 0.747959 0.747959
127.742012 145.391113 92.466995 1.000000 0.782755 0.782755
127.609856 144.411407 92.636673 1.000000 0.822482 0.822482
127.525009 143.418182 92.745422 1.000000 0.848422 0.848422
127.440895 142.419342 92.774796 1.000000 0.852532 0.852532
127.340797 141.420761 92.754745 1.000000 0.836644 0.836644
127.256279 140.420929 92.734200 1.000000 0.799673 0.799673
127.211746 139.418365 92.724915 1.000000 0.742181 0.742181
127.200188 138.415024 92.701958 1.000000 0.691083 0.691083
127.184387 137.412537 92.655495 1.000000 0.683427 0.683427
127.121910 136.411850 92.626999 1.000000 0.674998 0.674998
127.016640 135.414810 92.660538 1.000000 0.626613 0.626613
126.916000 134.419266 92.738571 1.000000 0.571036 0.571036
126.828918 133.422928 92.824158 1.000000 0.579889 0.579889
126.723351 132.428452 92.908455 1.000000 0.653173 0.653173
126.593773 131.437439 93.001137 1.000000 0.705750 0.705750
126.482964 130.446716 93.114456 1.000000 0.705468 0.705468
126.416206 129.455109 93.253204 1.000000 0.668025 0.668025
126.369850 128.465439 93.413666 1.000000 0.644497 0.644497
126.331879 127.479126 93.595329 1.000000 0.648243 0.648243
126.312271 126.496391 93.797798 1.000000 0.638467 0.638467
126.317337 125.515495 94.009865 1.000000 0.600923 0.600923
126.333595 124.532700 94.212692 1.000000 0.552199 0.552199
126.332802 123.547203 94.402275 1.000000 0.519425 0.519425
126.307396 122.563141 94.597687 1.000000 0.514331 0.514331
126.277641 121.584579 94.818077 1.000000 0.542304 0.542304
126.266693 120.610596 95.059395 1.000000 0.612558 0.612558
126.293503 119.635826 95.295319 1.000000 0.690973 0.690973
126.378677 118.656464 95.493050 1.000000 0.748737 0.748737
126.524673 117.674263 95.634232 1.000000 0.775038 0.775038
126.717499 116.693527 95.720467 1.000000 0.786461 0.786461
126.947731 115.717712 95.757629 1.000000 0.783802 0.783802
127.210297 114.749321 95.752686 1.000000 0.783047 0.783047
127.495308 113.787483 95.723732 1.000000 0.794908 0.794908
127.777611 112.824745 95.702614 1.000000 0.819341 0.819341
128.021927 111.852013 95.717361 1.000000 0.834052 0.834052
128.218414 110.868568 95.753922 1.000000 0.824336 0.824336
128.396896 109.881126 95.771744 1.000000 0.836451 0.836451
128.613525 108.901604 95.739380 1.000000 0.861760 0.861760
45
135.741440 152.608459 94.117004 1.000000 0.883430 0.883430
135.061066 151.943787 93.803314 1.000000 0.856715 0.856715
134.330063 151.311218 93.541885 1.000000 0.856517 0.856517
133.561203 150.707321 93.323265 1.000000 0.850916 0.850916
132.790466 150.098846 93.123894 1.000000 0.824284 0.824284
132.057388 149.448212 92.917961 1.000000 0.825305 0.825305
131.397980 148.725250 92.707413 1.000000 0.857066 0.857066
130.840622 147.912674 92.536118 1.000000 0.866459 0.866459
130.361786 147.038010 92.439445 1.000000 0.824321 0.824321
129.927795 146.134537 92.402512 1.000000 0.771742 0.771742
129.536972 145.210953 92.406044 1.000000 0.750604 0.750604
129.209122 144.263901 92.442688 1.000000 0.766904 0.766904
128.945770 143.296463 92.478882 1.000000 0.782706 0.782706
128.707932 142.321548 92.483757 1.000000 0.782674 0.782674
128.467651 141.347153 92.468628 1.000000 0.767772 0.767772
128.250519 140.367676 92.463120 1.000000 0.733565 0.733565
128.104919 139.375549 92.473846 1.000000 0.683461 0.683461
128.038879 138.374435 92.479523 1.000000 0.641381 0.641381
128.006027 137.371140 92.475105 1.000000 0.648153 0.648153
127.936890 136.371094 92.502960 1.000000 0.657737 0.657737
127.809700 135.380905 92.598915 1.000000 0.586794 0.586794
127.668510 134.397293 92.739868 1.000000 0.492624 0.492624
127.547256 133.411835 92.886406 1.000000 0.487895 0.487895
127.432732 132.425018 93.029686 1.000000 0.567344 0.567344
127.318718 131.439240 93.180000 1.000000 0.626092 0.626092
127.227646 130.452957 93.341431 1.000000 0.628503 0.628503
127.171165 129.466003 93.514236 1.000000 0.596847 0.596847
127.132286 128.481781 93.706520 1.000000 0.569773 0.569773
127.094666 127.504555 93.931290 1.000000 0.564752 0.564752
127.065140 126.533615 94.183197 1.000000 0.564364 0.564364
127.060692 125.563179 94.438354 1.000000 0.558046 0.558046
127.077660 124.589493 94.680855 1.000000 0.562727 0.562727
127.090103 123.614227 94.917206 1.000000 0.582394 0.582394
127.082260 122.642838 95.168633 1.000000 0.601296 0.601296
127.061195 121.678368 95.444870 1.000000 0.621601 0.621601
127.053528 120.717865 95.734947 1.000000 0.666205 0.666205
127.093086 119.757591 96.021851 1.000000 0.724973 0.724973
127.209663 118.795532 96.277458 1.000000 0.778861 0.778861
127.417572 117.833176 96.462105 1.000000 0.829944 0.829944
127.712738 116.880074 96.551918 1.000000 0.868471 0.868471
128.109116 115.958344 96.538826 1.000000 0.872237 0.872237
128.510788 115.038979 96.541588 1.000000 0.866470 0.866470
128.886063 114.116699 96.634674 1.000000 0.873644 0.873644
129.165253 113.199524 96.903297 1.000000 0.882432 0.882432
129.312881 112.316444 97.345032 1.000000 0.895445 0.895445
33
127.904816 123.633766 97.545288 1.000000 0.875871 0.875871
128.054825 124.589592 97.279778 1.000000 0.841309 0.841309
128.170059 125.548233 97.006905 1.000000 0.814757 0.814757
128.264038 126.502968 96.712982 1.000000 0.776173 0.776173
128.345947 127.452095 96.398010 1.000000 0.728497 0.728497
128.401794 128.401199 96.077133 1.000000 0.690643 0.690643
128.452316 129.348129 95.749229 1.000000 0.664940 0.664940
128.503922 130.285965 95.396988 1.000000 0.652328 0.652328
128.573898 131.209549 95.012077 1.000000 0.636729 0.636729
128.656876 132.127777 94.616653 1.000000 0.613189 0.613189
128.734970 133.058868 94.252403 1.000000 0.573870 0.573870
128.794754 134.010345 93.940903 1.000000 0.546305 0.546305
128.821136 134.977631 93.676506 1.000000 0.566600 0.566600
128.799728 135.956268 93.457886 1.000000 0.609920 0.609920
128.740372 136.943649 93.289803 1.000000 0.610442 0.610442
128.687393 137.937454 93.161346 1.000000 0.559063 0.559063
128.691544 138.934677 93.053398 1.000000 0.533847 0.533847
128.768112 139.931183 92.966774 1.000000 0.592163 0.592163
128.897552 140.924683 92.911324 1.000000 0.683608 0.683608
129.054871 141.915482 92.879616 1.000000 0.738578 0.738578
129.229080 142.903442 92.848358 1.000000 0.756372 0.756372
129.437393 143.883835 92.800941 1.000000 0.757564 0.757564
129.709976 144.848022 92.756340 1.000000 0.752287 0.752287
130.048233 145.792175 92.748093 1.000000 0.770121 0.770121
130.426910 146.720718 92.778740 1.000000 0.820001 0.820001
130.838593 147.632111 92.852333 1.000000 0.868049 0.868049
131.327194 148.494553 92.985794 1.000000 0.875212 0.875212
131.947815 149.257126 93.166771 1.000000 0.844217 0.844217
132.669815 149.925842 93.351685 1.000000 0.830305 0.830305
133.437393 150.544250 93.531792 1.000000 0.856499 0.856499
134.200470 151.159393 93.738220 1.000000 0.865106 0.865106
134.913925 151.812607 93.996040 1.000000 0.860806 0.860806
135.556671 152.513306 94.309731 1.000000 0.881293 0.881293
32
127.916931 129.351105 98.150337 1.000000 0.892788 0.892788
128.014557 130.234528 97.685638 1.000000 0.848319 0.848319
128.108795 131.109329 97.204697 1.000000 0.797023 0.797023
128.193878 131.976593 96.708397 1.000000 0.748381 0.748381
128.260208 132.856903 96.233315 1.000000 0.708530 0.708530
128.292023 133.769241 95.820259 1.000000 0.676823 0.676823
128.275620 134.715607 95.491302 1.000000 0.675183 0.675183
128.198242 135.683975 95.244240 1.000000 0.708785 0.708785
128.066467 136.662643 95.069016 1.000000 0.731695 0.731695
127.926018 137.647476 94.936287 1.000000 0.705252 0.705252
127.831024 138.636826 94.800468 1.000000 0.653000 0.653000
127.794212 139.628296 94.650520 1.000000 0.653011 0.653011
127.797981 140.621872 94.509064 1.000000 0.701153 0.701153
127.814903 141.618149 94.388245 1.000000 0.739570 0.739570
127.813110 142.613220 94.258644 1.000000 0.755909 0.755909
127.776855 143.598602 94.075737 1.000000 0.748920 0.748920
127.730530 144.571152 93.833855 1.000000 0.726576 0.726576
127.715179 145.536667 93.561699 1.000000 0.700209 0.700209
127.745697 146.500809 93.285843 1.000000 0.677115 0.677115
127.806534 147.462952 93.007347 1.000000 0.676234 0.676234
127.877609 148.417847 92.707680 1.000000 0.702010 0.702010
127.956062 149.362701 92.379578 1.000000 0.740366 0.740366
128.030960 150.295670 92.018929 1.000000 0.769662 0.769662
128.043808 151.196976 91.586105 1.000000 0.790207 0.790207
127.926659 152.020401 91.037621 1.000000 0.769755 0.769755
127.703758 152.742737 90.383873 1.000000 0.726571 0.726571
127.449867 153.385406 89.660042 1.000000 0.708408 0.708408
127.203140 153.964600 88.882538 1.000000 0.719282 0.719282
126.970520 154.476181 88.055344 1.000000 0.755254 0.755254
126.771744 154.917603 87.180931 1.000000 0.805966 0.805966
126.644981 155.286270 86.261681 1.000000 0.856075 0.856075
126.623199 155.574875 85.307121 1.000000 0.893353 0.893353
44
126.978043 121.977943 97.658051 1.000000 0.895008 0.895008
127.141403 122.913300 97.335213 1.000000 0.850185 0.850185
127.276253 123.864487 97.046021 1.000000 0.796737 0.796737
127.380486 124.820107 96.758499 1.000000 0.740858 0.740858
127.464302 125.772377 96.453674 1.000000 0.684316 0.684316
127.537575 126.719284 96.130020 1.000000 0.630324 0.630324
127.595940 127.665665 95.801918 1.000000 0.594041 0.594041
127.626663 128.617813 95.487289 1.000000 0.579598 0.579598
127.631035 129.574661 95.185188 1.000000 0.583019 0.583019
127.629456 130.530502 94.879784 1.000000 0.598172 0.598172
127.639183 131.483948 94.567146 1.000000 0.594210 0.594210
127.661240 132.442657 94.271545 1.000000 0.559356 0.559356
127.683739 133.407700 93.998154 1.000000 0.503566 0.503566
127.709923 134.382812 93.762787 1.000000 0.497244 0.497244
127.733604 135.366226 93.564667 1.000000 0.572102 0.572102
127.722672 136.359039 93.424767 1.000000 0.633602 0.633602
127.659492 137.357681 93.355522 1.000000 0.621628 0.621628
127.581795 138.357742 93.317757 1.000000 0.612386 0.612386
127.535583 139.359131 93.270775 1.000000 0.664345 0.664345
127.533577 140.361557 93.222672 1.000000 0.735245 0.735245
127.563217 141.364410 93.194237 1.000000 0.783350 0.783350
127.596024 142.367355 93.169594 1.000000 0.807897 0.807897
127.606758 143.367767 93.099243 1.000000 0.813368 0.813368
127.615952 144.360107 92.954521 1.000000 0.797582 0.797582
127.673775 145.340988 92.753380 1.000000 0.766703 0.766703
127.792328 146.312378 92.532196 1.000000 0.734539 0.734539
127.946724 147.277466 92.304573 1.000000 0.718980 0.718980
128.107895 148.236633 92.057884 1.000000 0.724810 0.724810
128.263733 149.189865 91.786018 1.000000 0.750310 0.750310
128.406433 150.136032 91.484749 1.000000 0.775427 0.775427
128.489334 151.059387 91.109138 1.000000 0.800151 0.800151
128.428207 151.909149 90.597267 1.000000 0.785090 0.785090
128.221817 152.642548 89.953094 1.000000 0.732319 0.732319
127.960495 153.277328 89.225571 1.000000 0.704995 0.704995
127.705063 153.837372 88.437363 1.000000 0.714414 0.714414
127.475777 154.321426 87.593376 1.000000 0.747599 0.747599
127.289391 154.718994 86.696312 1.000000 0.787560 0.787560
127.172539 155.016663 85.751198 1.000000 0.822617 0.822617
127.144791 155.201874 84.771797 1.000000 0.845507 0.845507
127.188293 155.257294 83.777084 1.000000 0.854611 0.854611
127.261337 155.154068 82.788795 1.000000 0.858047 0.858047
127.336472 154.865082 81.839111 1.000000 0.856044 0.856044
127.401802 154.395370 80.962669 1.000000 0.856163 0.856163
127.442307 153.790649 80.168388 1.000000 0.874389 0.874389
22
128.382050 132.554993 98.126099 1.000000 0.879438 0.879438
128.447693 133.435913 97.655998 1.000000 0.852375 0.852375
128.452774 134.370743 97.301537 1.000000 0.835213 0.835213
128.367310 135.340103 97.071754 1.000000 0.844434 0.844434
128.186859 136.318085 96.957230 1.000000 0.862262 0.862262
127.991341 137.300720 96.903564 1.000000 0.878093 0.878093
127.925880 138.291992 96.802284 1.000000 0.855453 0.855453
128.003006 139.275818 96.625931 1.000000 0.816513 0.816513
128.179489 140.240128 96.411095 1.000000 0.805842 0.805842
128.367447 141.202347 96.197044 1.000000 0.803610 0.803610
128.565582 142.162582 95.983009 1.000000 0.785288 0.785288
128.750107 143.122375 95.755875 1.000000 0.746729 0.746729
128.898926 144.083206 95.508400 1.000000 0.680689 0.680689
129.009598 145.046692 95.250839 1.000000 0.610218 0.610218
129.094620 146.012726 94.992805 1.000000 0.596922 0.596922
129.157135 146.976578 94.721085 1.000000 0.643666 0.643666
129.193024 147.929138 94.409149 1.000000 0.697126 0.697126
129.206192 148.865662 94.050293 1.000000 0.763396 0.763396
129.228378 149.788177 93.657326 1.000000 0.822379 0.822379
129.300720 150.696747 93.239822 1.000000 0.844701 0.844701
129.415512 151.586853 92.792610 1.000000 0.861955 0.861955
129.529617 152.456436 92.306908 1.000000 0.880665 0.880665
40
128.413010 130.218628 97.721458 1.000000 0.865582 0.865582
128.556473 131.073257 97.217155 1.000000 0.811765 0.811765
128.690872 131.921524 96.699677 1.000000 0.759375 0.759375
128.800934 132.786774 96.205856 1.000000 0.715140 0.715140
128.866882 133.686859 95.770912 1.000000 0.677919 0.677919
128.871399 134.621979 95.411659 1.000000 0.667314 0.667314
128.803085 135.579880 95.125122 1.000000 0.681745 0.681745
128.676544 136.548981 94.899818 1.000000 0.703295 0.703295
128.537033 137.525208 94.713707 1.000000 0.691766 0.691766
128.436218 138.507980 94.539375 1.000000 0.638978 0.638978
128.394257 139.496231 94.371368 1.000000 0.615268 0.615268
128.414841 140.490997 94.238777 1.000000 0.655764 0.655764
128.437439 141.487396 94.120270 1.000000 0.695904 0.695904
128.456909 142.484528 94.006714 1.000000 0.711919 0.711919
128.463379 143.476852 93.858543 1.000000 0.699969 0.699969
128.469238 144.459900 93.658203 1.000000 0.666066 0.666066
128.501648 145.434372 93.421242 1.000000 0.637904 0.637904
128.574295 146.403839 93.173050 1.000000 0.649223 0.649223
128.680023 147.368744 92.918640 1.000000 0.684166 0.684166
128.797226 148.327835 92.647842 1.000000 0.726765 0.726765
128.920319 149.281342 92.360497 1.000000 0.772450 0.772450
129.064560 150.227249 92.058830 1.000000 0.800979 0.800979
129.213715 151.156540 91.713676 1.000000 0.826909 0.826909
129.295975 152.052643 91.278168 1.000000 0.844351 0.844351
129.229599 152.880646 90.726379 1.000000 0.838612 0.838612
129.022156 153.605927 90.071655 1.000000 0.818417 0.818417
128.770935 154.237930 89.338379 1.000000 0.813018 0.813018
128.551239 154.789291 88.534325 1.000000 0.815642 0.815642
128.380844 155.251297 87.665207 1.000000 0.807272 0.807272
128.253159 155.612808 86.743080 1.000000 0.782533 0.782533
128.160263 155.874435 85.783623 1.000000 0.757056 0.757056
128.090973 156.047989 84.802124 1.000000 0.745233 0.745233
128.030899 156.141647 83.809204 1.000000 0.752064 0.752064
127.971405 156.147400 82.812241 1.000000 0.778873 0.778873
127.914566 156.038452 81.821983 1.000000 0.814339 0.814339
127.879463 155.770538 80.863464 1.000000 0.841824 0.841824
127.892746 155.321381 79.975128 1.000000 0.842101 0.842101
127.955299 154.732040 79.171303 1.000000 0.837944 0.837944
128.051361 154.062454 78.433800 1.000000 0.860625 0.860625
128.173615 153.351379 77.739197 1.000000 0.897573 0.897573
26
126.829224 138.151321 97.652618 1.000000 0.874431 0.874431
127.104439 139.067108 97.350365 1.000000 0.834525 0.834525
127.359207 139.995270 97.066956 1.000000 0.827243 0.827243
127.635437 140.914963 96.777100 1.000000 0.838274 0.838274
127.930801 141.825897 96.477943 1.000000 0.836690 0.836690
128.200256 142.746307 96.184464 1.000000 0.807777 0.807777
128.402390 143.683060 95.890564 1.000000 0.757063 0.757063
128.530182 144.631470 95.590614 1.000000 0.682167 0.682167
128.614044 145.587082 95.296387 1.000000 0.624037 0.624037
128.677734 146.546478 95.009216 1.000000 0.634767 0.634767
128.721420 147.501495 94.705078 1.000000 0.676899 0.676899
128.740494 148.442596 94.358818 1.000000 0.732041 0.732041
128.747925 149.368027 93.971909 1.000000 0.801932 0.801932
128.778793 150.280792 93.557617 1.000000 0.836881 0.836881
128.837128 151.176880 93.111359 1.000000 0.854043 0.854043
128.864456 152.044357 92.611885 1.000000 0.872537 0.872537
128.781296 152.862976 92.047989 1.000000 0.876550 0.876550
128.556686 153.612839 91.427216 1.000000 0.864993 0.864993
128.251495 154.298569 90.764610 1.000000 0.861609 0.861609
127.948280 154.906830 90.029106 1.000000 0.870873 0.870873
127.665298 155.484528 89.263275 1.000000 0.884697 0.884697
127.442131 156.000549 88.436951 1.000000 0.891221 0.891221
127.314156 156.460052 87.559677 1.000000 0.890438 0.890438
127.282616 156.863724 86.646133 1.000000 0.885603 0.885603
127.286690 157.210678 85.708275 1.000000 0.882498 0.882498
127.251030 157.528336 84.761330 1.000000 0.889030 0.889030
23
127.198296 143.772354 92.410370 1.000000 0.894780 0.894780
127.427628 144.744614 92.320900 1.000000 0.848489 0.848489
127.670830 145.706863 92.173820 1.000000 0.797000 0.797000
127.938225 146.659576 92.007118 1.000000 0.758499 0.758499
128.211258 147.608047 91.826073 1.000000 0.741930 0.741930
128.470032 148.555893 91.622604 1.000000 0.750814 0.750814
128.709579 149.505478 91.403870 1.000000 0.774277 0.774277
128.930313 150.453949 91.162468 1.000000 0.798626 0.798626
129.088730 151.385941 90.838310 1.000000 0.830430 0.830430
129.093842 152.255768 90.364441 1.000000 0.826336 0.826336
128.920395 153.009903 89.737991 1.000000 0.783460 0.783460
128.670853 153.646347 89.008705 1.000000 0.756071 0.756071
128.435226 154.189957 88.203979 1.000000 0.754476 0.754476
128.244644 154.639801 87.332947 1.000000 0.752853 0.752853
128.128769 154.929779 86.382744 1.000000 0.740417 0.740417
128.039169 155.168243 85.417488 1.000000 0.728788 0.728788
127.996780 155.302597 84.429070 1.000000 0.723409 0.723409
127.988251 155.325897 83.431252 1.000000 0.732590 0.732590
128.003616 155.217529 82.439857 1.000000 0.752143 0.752143
128.044083 154.952972 81.479843 1.000000 0.773758 0.773758
128.115433 154.529312 80.580002 1.000000 0.797128 0.797128
128.219345 153.985611 79.747932 1.000000 0.833163 0.833163
128.352051 153.371704 78.968880 1.000000 0.885136 0.885136
10
129.653976 154.441025 87.822754 1.000000 0.878800 0.878800
129.555710 154.873367 86.931824 1.000000 0.833169 0.833169
129.473694 155.129349 85.972244 1.000000 0.767574 0.767574
129.417892 155.241394 84.982430 1.000000 0.702134 0.702134
129.399689 155.236603 83.984642 1.000000 0.666824 0.666824
129.427353 155.121048 82.994034 1.000000 0.688074 0.688074
129.507706 154.894394 82.025665 1.000000 0.728941 0.728941
129.643539 154.563217 81.093765 1.000000 0.770615 0.770615
129.859497 154.116760 80.224602 1.000000 0.814747 0.814747
130.078934 153.654953 79.364502 1.000000 0.859314 0.859314
