15
99
81.508369 178.913406 64.061333 1.000000 0.845352 0.845352
81.806564 177.962463 64.127831 1.000000 0.759410 0.759410
82.024055 177.001938 64.279205 1.000000 0.693468 0.693468
82.106987 176.029968 64.488152 1.000000 0.622823 0.622823
82.097450 175.051575 64.692070 1.000000 0.586554 0.586554
82.033974 174.066635 64.848030 1.000000 0.576114 0.576114
81.899666 173.083817 64.967232 1.000000 0.583818 0.583818
81.689407 172.114059 65.086151 1.000000 0.606696 0.606696
81.440559 171.155075 65.221558 1.000000 0.667269 0.667269
81.185837 170.194717 65.328697 1.000000 0.734126 0.734126
80.909088 169.237823 65.313576 1.000000 0.740571 0.740571
80.593681 168.302948 65.160820 1.000000 0.706593 0.706593
80.254974 167.389023 64.938057 1.000000 0.686876 0.686876
79.905785 166.482269 64.701782 1.000000 0.707168 0.707168
79.534515 165.578079 64.492867 1.000000 0.758876 0.758876
79.122719 164.681229 64.335663 1.000000 0.809315 0.809315
78.693542 163.784897 64.226387 1.000000 0.853380 0.853380
78.334656 162.856903 64.189880 1.000000 0.886294 0.886294
78.136765 161.891022 64.301361 1.000000 0.863492 0.863492
78.068108 160.918121 64.518326 1.000000 0.797244 0.797244
78.048607 159.940353 64.725319 1.000000 0.722874 0.722874
78.053894 158.951935 64.871666 1.000000 0.661552 0.661552
78.093689 157.956573 64.950935 1.000000 0.637535 0.637535
78.177681 156.961044 64.969452 1.000000 0.655419 0.655419
78.296814 155.971527 64.906647 1.000000 0.683562 0.683562
78.428535 154.997452 64.732826 1.000000 0.681442 0.681442
78.562317 154.048111 64.452660 1.000000 0.661228 0.661228
78.694260 153.127014 64.088562 1.000000 0.636500 0.636500
78.811623 152.227692 63.667969 1.000000 0.630309 0.630309
78.893105 151.335495 63.224354 1.000000 0.656777 0.656777
78.917564 150.440796 62.779549 1.000000 0.708812 0.708812
78.880478 149.540237 62.347534 1.000000 0.761539 0.761539
78.791458 148.621063 61.968063 1.000000 0.800480 0.800480
78.643501 147.669220 61.718243 1.000000 0.805899 0.805899
78.422333 146.701416 61.619675 1.000000 0.774623 0.774623
78.136597 145.744141 61.587357 1.000000 0.730612 0.730612
77.820770 144.796295 61.546585 1.000000 0.699901 0.699901
77.522079 143.843979 61.487823 1.000000 0.690770 0.690770
77.260590 142.880203 61.441902 1.000000 0.708691 0.708691
77.017738 141.910385 61.431763 1.000000 0.739173 0.739173
76.747925 140.948013 61.442513 1.000000 0.755720 0.755720
76.433495 139.998947 61.446083 1.000000 0.756377 0.756377
76.129951 139.046646 61.438831 1.000000 0.766002 0.766002
75.908195 138.073059 61.440304 1.000000 0.758716 0.758716
75.778542 137.082428 61.457531 1.000000 0.736896 0.736896
75.715401 136.084930 61.473782 1.000000 0.727048 0.727048
75.714828 135.085510 61.479996 1.000000 0.708901 0.708901
75.789902 134.089188 61.489742 1.000000 0.674008 0.674008
75.940071 133.101349 61.508598 1.000000 0.617621 0.617621
76.144470 132.122864 61.527863 1.000000 0.547574 0.547574
76.383293 131.152023 61.540668 1.000000 0.540272 0.540272
76.657799 130.190765 61.537399 1.000000 0.614446 0.614446
76.964493 129.239517 61.509941 1.000000 0.705229 0.705229
77.267746 128.288101 61.459915 1.000000 0.763889 0.763889
77.526505 127.324364 61.403416 1.000000 0.777158 0.777158
77.743668 126.349281 61.360764 1.000000 0.770027 0.770027
77.965248 125.374794 61.329929 1.000000 0.775362 0.775362
78.239700 124.416603 61.267582 1.000000 0.808852 0.808852
78.586540 123.492912 61.118851 1.000000 0.833288 0.833288
78.956161 122.590958 60.896717 1.000000 0.841971 0.841971
79.279091 121.677612 60.651409 1.000000 0.856183 0.856183
79.535179 120.748108 60.388344 1.000000 0.868626 0.868626
79.771873 119.819168 60.104023 1.000000 0.853106 0.853106
80.051361 118.902565 59.819950 1.000000 0.809047 0.809047
80.374268 117.993088 59.558910 1.000000 0.789115 0.789115
80.713112 117.079681 59.334286 1.000000 0.815541 0.815541
81.110825 116.175430 59.178909 1.000000 0.827754 0.827754
81.540260 115.282837 59.048046 1.000000 0.788057 0.788057
81.997185 114.398277 58.955685 1.000000 0.730241 0.730241
82.430725 113.499535 58.898479 1.000000 0.698435 0.698435
82.817902 112.578255 58.881844 1.000000 0.702049 0.702049
83.168282 111.641968 58.898434 1.000000 0.728627 0.728627
83.510811 110.703918 58.946739 1.000000 0.742786 0.742786
83.874634 109.778831 59.048256 1.000000 0.722361 0.722361
84.271271 108.876396 59.212593 1.000000 0.681452 0.681452
84.697441 107.996735 59.422321 1.000000 0.627917 0.627917
85.137352 107.127937 59.649647 1.000000 0.566912 0.566912
85.570328 106.254478 59.872074 1.000000 0.529628 0.529628
85.981750 105.368347 60.084759 1.000000 0.536349 0.536349
86.362671 104.466476 60.287632 1.000000 0.583002 0.583002
86.719170 103.549965 60.467976 1.000000 0.634533 0.634533
87.072350 102.625587 60.610584 1.000000 0.666062 0.666062
87.436058 101.700439 60.718315 1.000000 0.686820 0.686820
87.805328 100.775253 60.805573 1.000000 0.708300 0.708300
88.182045 99.851524 60.873333 1.000000 0.748849 0.748849
88.617813 98.953987 60.904430 1.000000 0.781341 0.781341
89.164246 98.119484 60.892521 1.000000 0.766910 0.766910
89.786346 97.338799 60.843082 1.000000 0.763795 0.763795
90.422768 96.570656 60.773270 1.000000 0.800223 0.800223
91.027969 95.776970 60.732655 1.000000 0.812623 0.812623
91.587639 94.949982 60.761040 1.000000 0.812202 0.812202
92.127724 94.114922 60.860359 1.000000 0.815164 0.815164
92.664688 93.286896 61.019459 1.000000 0.812511 0.812511
93.189293 92.456947 61.208862 1.000000 0.802339 0.802339
93.695335 91.612991 61.385498 1.000000 0.783278 0.783278
94.178154 90.748848 61.524853 1.000000 0.766122 0.766122
94.633766 89.864037 61.617233 1.000000 0.776465 0.776465
95.052063 88.957619 61.633476 1.000000 0.825794 0.825794
95.355629 88.021370 61.511337 1.000000 0.895062 0.895062
77
82.718849 147.314667 69.021843 1.000000 0.855402 0.855402
82.159424 146.580811 68.637970 1.000000 0.795604 0.795604
81.641594 145.807297 68.273537 1.000000 0.761639 0.761639
81.155197 145.002609 67.933914 1.000000 0.765230 0.765230
80.701927 144.171051 67.613701 1.000000 0.776711 0.776711
80.291901 143.314178 67.302322 1.000000 0.772971 0.772971
79.934502 142.431946 66.997269 1.000000 0.761588 0.761588
79.629799 141.525024 66.707710 1.000000 0.758495 0.758495
79.377022 140.593079 66.450150 1.000000 0.766587 0.766587
79.185722 139.635452 66.238815 1.000000 0.773828 0.773828
79.068275 138.657547 66.070694 1.000000 0.767146 0.767146
79.016891 137.668396 65.936707 1.000000 0.755031 0.755031
79.018234 136.672928 65.849976 1.000000 0.765942 0.765942
79.086449 135.676880 65.832970 1.000000 0.790784 0.790784
79.238853 134.690536 65.874908 1.000000 0.804738 0.804738
79.468071 133.719254 65.927383 1.000000 0.813236 0.813236
79.754059 132.761841 65.943176 1.000000 0.829664 0.829664
80.094963 131.823730 65.902969 1.000000 0.850712 0.850712
80.582642 130.956985 65.798515 1.000000 0.855931 0.855931
81.083611 130.100052 65.679352 1.000000 0.827090 0.827090
81.576248 129.244476 65.523499 1.000000 0.802102 0.802102
82.031090 128.374069 65.336060 1.000000 0.811244 0.811244
82.469315 127.496025 65.143784 1.000000 0.848990 0.848990
82.875381 126.602791 64.954147 1.000000 0.881458 0.881458
83.129318 125.666565 64.743362 1.000000 0.877476 0.877476
83.208366 124.695770 64.527870 1.000000 0.843169 0.843169
83.243118 123.716545 64.328339 1.000000 0.820352 0.820352
83.317039 122.742760 64.116364 1.000000 0.817870 0.817870
83.446327 121.786903 63.856033 1.000000 0.799167 0.799167
83.636307 120.851349 63.560287 1.000000 0.750782 0.750782
83.881798 119.922760 63.284126 1.000000 0.698602 0.698602
84.158745 118.987457 63.066837 1.000000 0.662615 0.662615
84.446152 118.043915 62.903301 1.000000 0.646503 0.646503
84.740059 117.100830 62.748192 1.000000 0.646144 0.646144
85.042557 116.165260 62.566696 1.000000 0.641737 0.641737
85.343079 115.230278 62.378609 1.000000 0.654604 0.654604
85.628609 114.284164 62.229198 1.000000 0.682834 0.682834
85.903770 113.326820 62.151497 1.000000 0.715553 0.715553
86.179947 112.366737 62.158661 1.000000 0.740961 0.740961
86.452019 111.408539 62.240940 1.000000 0.739960 0.739960
86.707214 110.451126 62.374149 1.000000 0.722094 0.722094
86.947487 109.495041 62.541298 1.000000 0.710227 0.710227
87.188019 108.544632 62.737747 1.000000 0.713155 0.713155
87.442482 107.602257 62.954617 1.000000 0.727728 0.727728
87.713585 106.664970 63.173531 1.000000 0.753972 0.753972
87.989983 105.728508 63.389503 1.000000 0.778490 0.778490
88.257332 104.794342 63.624977 1.000000 0.792469 0.792469
88.515488 103.870331 63.905697 1.000000 0.797902 0.797902
88.761658 102.966827 64.254005 1.000000 0.812741 0.812741
88.976532 102.102104 64.702965 1.000000 0.828378 0.828378
89.170586 101.295204 65.258202 1.000000 0.827083 0.827083
89.388115 100.545258 65.881653 1.000000 0.814734 0.814734
89.660355 99.843246 66.538521 1.000000 0.793378 0.793378
89.990173 99.186874 67.216125 1.000000 0.766934 0.766934
90.363586 98.568497 67.907249 1.000000 0.751270 0.751270
90.771904 97.969978 68.596207 1.000000 0.758478 0.758478
91.220894 97.363831 69.251656 1.000000 0.782631 0.782631
91.717957 96.723061 69.834229 1.000000 0.791713 0.791713
92.249481 96.039780 70.333000 1.000000 0.786746 0.786746
92.793488 95.321602 70.765808 1.000000 0.785614 0.785614
93.350327 94.589302 71.157455 1.000000 0.793637 0.793637
93.921837 93.864021 71.541222 1.000000 0.801982 0.801982
94.476921 93.136040 71.942772 1.000000 0.802585 0.802585
94.961227 92.360764 72.343361 1.000000 0.792082 0.792082
95.327606 91.506859 72.703339 1.000000 0.768420 0.768420
95.566994 90.597328 73.036942 1.000000 0.723069 0.723069
95.705025 89.673523 73.390846 1.000000 0.656927 0.656927
95.768463 88.754776 73.778992 1.000000 0.596997 0.596997
95.771164 87.838326 74.178101 1.000000 0.601984 0.601984
95.715118 86.924332 74.578690 1.000000 0.614598 0.614598
95.593323 86.030029 75.006828 1.000000 0.618700 0.618700
95.408730 85.173347 75.486458 1.000000 0.621669 0.621669
95.182739 84.346764 76.001610 1.000000 0.630147 0.630147
94.941704 83.519798 76.509254 1.000000 0.660801 0.660801
94.709518 82.659851 76.961327 1.000000 0.704131 0.704131
94.489487 81.755722 77.323746 1.000000 0.769731 0.769731
94.238525 80.828323 77.596069 1.000000 0.843929 0.843929
75
86.692902 175.393875 72.304718 1.000000 0.885467 0.885467
86.406166 174.466766 72.064232 1.000000 0.857832 0.857832
86.094963 173.556091 71.794044 1.000000 0.851273 0.851273
85.786873 172.660721 71.473259 1.000000 0.838693 0.838693
85.501350 171.763504 71.136856 1.000000 0.806392 0.806392
85.247658 170.844986 70.835716 1.000000 0.769363 0.769363
85.026962 169.897766 70.608727 1.000000 0.741748 0.741748
84.844063 168.924286 70.489510 1.000000 0.715560 0.715560
84.707962 167.936020 70.496056 1.000000 0.664607 0.664607
84.605606 166.947357 70.600174 1.000000 0.619452 0.619452
84.497314 165.963120 70.739182 1.000000 0.639359 0.639359
84.351501 164.981750 70.860565 1.000000 0.682346 0.682346
84.168938 164.002747 70.949043 1.000000 0.700484 0.700484
83.965736 163.025940 71.015770 1.000000 0.698809 0.698809
83.748573 162.051025 71.062462 1.000000 0.674696 0.674696
83.502754 161.082260 71.079285 1.000000 0.641713 0.641713
83.203918 160.128555 71.070419 1.000000 0.606677 0.606677
82.852898 159.192551 71.057777 1.000000 0.573076 0.573076
82.476646 158.266083 71.050247 1.000000 0.549586 0.549586
82.106529 157.337387 71.032585 1.000000 0.545720 0.545720
81.765045 156.398483 70.995331 1.000000 0.557198 0.557198
81.456810 155.448380 70.950211 1.000000 0.575423 0.575423
81.164001 154.492905 70.914551 1.000000 0.604957 0.604957
80.862747 153.539627 70.896500 1.000000 0.623247 0.623247
80.553978 152.588547 70.898109 1.000000 0.612651 0.612651
80.262306 151.632339 70.916412 1.000000 0.583631 0.583631
80.001656 150.667267 70.936783 1.000000 0.547704 0.547704
79.766518 149.695419 70.942490 1.000000 0.516895 0.516895
79.555519 148.718124 70.931335 1.000000 0.507355 0.507355
79.381256 147.733795 70.917099 1.000000 0.535981 0.535981
79.257332 146.741913 70.913200 1.000000 0.591586 0.591586
79.187073 145.744766 70.908546 1.000000 0.633301 0.633301
79.152512 144.746063 70.877335 1.000000 0.651796 0.651796
79.128563 143.748230 70.817017 1.000000 0.664859 0.664859
79.116730 142.750366 70.754379 1.000000 0.676701 0.676701
79.142303 141.751968 70.712898 1.000000 0.679532 0.679532
79.221275 140.755859 70.685226 1.000000 0.669287 0.669287
79.366737 139.767548 70.639580 1.000000 0.664288 0.664288
79.512009 138.779846 70.582680 1.000000 0.672147 0.672147
79.644463 137.791306 70.511559 1.000000 0.680843 0.680843
79.753593 136.799591 70.445084 1.000000 0.696805 0.696805
79.848000 135.805893 70.384674 1.000000 0.701585 0.701585
79.939072 134.813995 70.299309 1.000000 0.680401 0.680401
80.031815 133.829803 70.153503 1.000000 0.676817 0.676817
80.128036 132.859085 69.936516 1.000000 0.720297 0.720297
80.273102 131.909790 69.662415 1.000000 0.797633 0.797633
80.562691 131.003510 69.369087 1.000000 0.831068 0.831068
80.997086 130.145660 69.100319 1.000000 0.798788 0.798788
81.489082 129.312424 68.848190 1.000000 0.756195 0.756195
81.994972 128.486298 68.600128 1.000000 0.741444 0.741444
82.515129 127.658890 68.391403 1.000000 0.737244 0.737244
83.024323 126.811653 68.244843 1.000000 0.738079 0.738079
83.445129 125.917549 68.111534 1.000000 0.765437 0.765437
83.677956 124.966629 67.950844 1.000000 0.788743 0.788743
83.710609 123.984108 67.791840 1.000000 0.772877 0.772877
83.635712 122.996338 67.658051 1.000000 0.765276 0.765276
83.528595 122.010689 67.527977 1.000000 0.780656 0.780656
83.411201 121.030991 67.367188 1.000000 0.791423 0.791423
83.301781 120.056442 67.172073 1.000000 0.798011 0.798011
83.229721 119.078346 66.978874 1.000000 0.808085 0.808085
83.208611 118.091728 66.820747 1.000000 0.834395 0.834395
83.221565 117.100502 66.689629 1.000000 0.866744 0.866744
83.235321 116.112679 66.537178 1.000000 0.888530 0.888530
83.239685 115.135071 66.329124 1.000000 0.890171 0.890171
83.249901 114.168800 66.072723 1.000000 0.885309 0.885309
83.269348 113.211868 65.783508 1.000000 0.884453 0.884453
83.293526 112.261765 65.472649 1.000000 0.879199 0.879199
83.341507 111.313637 65.159142 1.000000 0.874553 0.874553
83.456184 110.361839 64.879036 1.000000 0.874144 0.874144
83.675484 109.407181 64.694496 1.000000 0.871936 0.871936
83.979858 108.458275 64.644951 1.000000 0.863781 0.863781
84.296524 107.511765 64.695007 1.000000 0.857763 0.857763
84.571022 106.555428 64.789894 1.000000 0.853081 0.853081
84.786774 105.584435 64.888237 1.000000 0.861879 0.861879
84.944862 104.599609 64.922523 1.000000 0.890586 0.890586
86
86.605537 100.482437 63.082073 1.000000 0.868034 0.868034
86.447433 101.466553 63.153137 1.000000 0.847491 0.847491
86.265717 102.449440 63.160496 1.000000 0.846476 0.846476
86.062149 103.426392 63.106979 1.000000 0.831512 0.831512
85.831268 104.392265 62.993828 1.000000 0.784465 0.784465
85.568336 105.344566 62.840611 1.000000 0.732482 0.732482
85.272018 106.284004 62.669350 1.000000 0.696993 0.696993
84.950546 107.214432 62.493637 1.000000 0.682618 0.682618
84.616768 108.142502 62.328888 1.000000 0.687277 0.687277
84.280609 109.075180 62.200790 1.000000 0.711710 0.711710
83.956749 110.018318 62.138920 1.000000 0.740719 0.740719
83.668922 110.974792 62.156727 1.000000 0.763393 0.763393
83.432426 111.943825 62.222496 1.000000 0.771898 0.771898
83.235809 112.921860 62.289951 1.000000 0.763806 0.763806
83.050568 113.901939 62.360725 1.000000 0.748321 0.748321
82.858269 114.877151 62.467049 1.000000 0.745873 0.745873
82.659821 115.845123 62.619400 1.000000 0.753590 0.753590
82.451515 116.808205 62.789658 1.000000 0.745349 0.745349
82.215134 117.766762 62.947292 1.000000 0.722940 0.722940
81.936630 118.714836 63.098915 1.000000 0.727343 0.727343
81.614822 119.647606 63.259769 1.000000 0.777105 0.777105
81.254913 120.566978 63.417019 1.000000 0.822293 0.822293
80.869568 121.480103 63.548958 1.000000 0.833963 0.833963
80.477531 122.392982 63.662739 1.000000 0.839850 0.839850
80.075386 123.300575 63.782467 1.000000 0.848500 0.848500
79.640862 124.189903 63.921921 1.000000 0.825050 0.825050
79.180107 125.062080 64.085724 1.000000 0.767457 0.767457
78.744225 125.940773 64.277016 1.000000 0.750234 0.750234
78.403374 126.850334 64.504768 1.000000 0.789862 0.789862
78.177055 127.789680 64.758377 1.000000 0.817837 0.817837
78.001884 128.744873 64.996002 1.000000 0.820164 0.820164
77.818901 129.708893 65.186310 1.000000 0.804789 0.804789
77.627335 130.681152 65.315842 1.000000 0.791649 0.791649
77.455620 131.663528 65.379578 1.000000 0.778926 0.778926
77.311127 132.652740 65.395103 1.000000 0.755314 0.755314
77.182930 133.644470 65.395241 1.000000 0.717309 0.717309
77.074753 134.638504 65.391304 1.000000 0.674476 0.674476
77.006874 135.635666 65.373016 1.000000 0.632286 0.632286
76.988625 136.634674 65.339340 1.000000 0.614347 0.614347
77.004173 137.633987 65.308350 1.000000 0.631166 0.631166
77.031349 138.633484 65.295624 1.000000 0.648659 0.648659
77.060936 139.633041 65.297508 1.000000 0.654161 0.654161
77.098839 140.632263 65.303986 1.000000 0.653900 0.653900
77.155991 141.630371 65.321190 1.000000 0.655686 0.655686
77.252525 142.624130 65.366318 1.000000 0.648542 0.648542
77.417252 143.606171 65.446526 1.000000 0.622202 0.622202
77.661644 144.569122 65.552490 1.000000 0.595792 0.595792
77.969131 145.512527 65.673767 1.000000 0.596333 0.596333
78.298019 146.445465 65.819260 1.000000 0.617316 0.617316
78.610313 147.377380 66.002083 1.000000 0.620491 0.620491
78.909515 148.309906 66.204254 1.000000 0.607692 0.607692
79.216064 149.242462 66.394516 1.000000 0.599674 0.599674
79.523354 150.179855 66.558472 1.000000 0.608553 0.608553
79.817924 151.120575 66.726036 1.000000 0.643430 0.643430
80.077225 152.069550 66.903961 1.000000 0.686082 0.686082
80.292007 153.030502 67.076546 1.000000 0.705462 0.705462
80.469193 154.004730 67.212952 1.000000 0.694971 0.694971
80.622353 154.987732 67.313004 1.000000 0.680407 0.680407
80.768593 155.973206 67.399284 1.000000 0.671788 0.671788
80.922699 156.958618 67.470001 1.000000 0.682397 0.682397
81.089943 157.943558 67.508575 1.000000 0.664551 0.664551
81.267021 158.927643 67.522118 1.000000 0.616990 0.616990
81.438568 159.912720 67.532478 1.000000 0.584760 0.584760
81.586884 160.901413 67.549095 1.000000 0.596346 0.596346
81.712616 161.893326 67.562111 1.000000 0.626626 0.626626
81.834526 162.885727 67.553963 1.000000 0.665438 0.665438
81.973640 163.875381 67.522766 1.000000 0.685913 0.685913
82.147148 164.858932 67.477882 1.000000 0.695731 0.695731
82.380615 165.829453 67.433640 1.000000 0.700014 0.700014
82.681908 166.782059 67.414284 1.000000 0.687287 0.687287
83.000641 167.729279 67.436539 1.000000 0.664433 0.664433
83.279549 168.686630 67.503273 1.000000 0.659928 0.659928
83.523705 169.652100 67.593796 1.000000 0.661277 0.661277
83.778305 170.615616 67.673424 1.000000 0.663746 0.663746
84.042984 171.578323 67.727783 1.000000 0.695031 0.695031
84.259827 172.553131 67.750290 1.000000 0.755862 0.755862
84.387665 173.542206 67.712105 1.000000 0.788887 0.788887
84.440666 174.529922 67.578033 1.000000 0.789044 0.789044
84.457405 175.497650 67.333336 1.000000 0.788568 0.788568
84.463333 176.435226 66.988953 1.000000 0.809767 0.809767
84.475845 177.345215 66.575569 1.000000 0.841499 0.841499
84.530334 178.248291 66.151093 1.000000 0.864270 0.864270
84.698654 179.157043 65.779312 1.000000 0.856117 0.856117
85.045502 180.033569 65.461327 1.000000 0.826718 0.826718
85.549751 180.835556 65.150711 1.000000 0.823334 0.823334
86.161606 181.557907 64.834251 1.000000 0.864831 0.864831
123
87.053490 69.549385 64.584877 1.000000 0.865758 0.865758
87.993355 69.610558 64.919708 1.000000 0.832254 0.832254
88.936928 69.676292 65.243217 1.000000 0.807898 0.807898
89.863365 69.832535 65.578552 1.000000 0.809370 0.809370
90.762573 70.124779 65.895287 1.000000 0.810068 0.810068
91.647873 70.528755 66.101822 1.000000 0.812430 0.812430
92.516396 71.012115 66.107460 1.000000 0.798282 0.798282
93.297272 71.603958 65.937523 1.000000 0.836432 0.836432
93.930038 72.323738 65.666351 1.000000 0.817185 0.817185
94.461319 73.117897 65.373611 1.000000 0.745361 0.745361
94.936142 73.959038 65.118629 1.000000 0.671275 0.671275
95.342163 74.847504 64.910713 1.000000 0.650464 0.650464
95.670502 75.775795 64.741737 1.000000 0.666602 0.666602
95.934479 76.729233 64.598732 1.000000 0.715990 0.715990
96.166298 77.691589 64.457146 1.000000 0.749245 0.749245
96.394226 78.650307 64.288383 1.000000 0.744971 0.744971
96.616302 79.603912 64.085701 1.000000 0.726587 0.726587
96.821541 80.559448 63.874252 1.000000 0.702236 0.702236
97.001862 81.523033 63.677654 1.000000 0.697153 0.697153
97.149284 82.494972 63.495216 1.000000 0.716133 0.716133
97.270798 83.470886 63.314243 1.000000 0.759463 0.759463
97.387138 84.445763 63.124432 1.000000 0.812062 0.812062
97.487984 85.423454 62.941685 1.000000 0.853495 0.853495
97.507904 86.411263 62.809185 1.000000 0.854302 0.854302
97.401848 87.399673 62.726040 1.000000 0.812843 0.812843
97.185013 88.371643 62.651863 1.000000 0.804342 0.804342
96.876328 89.318008 62.572258 1.000000 0.826268 0.826268
96.483208 90.232780 62.491798 1.000000 0.814843 0.814843
96.019859 91.113129 62.397423 1.000000 0.744200 0.744200
95.518265 91.968796 62.271770 1.000000 0.654661 0.654661
95.012596 92.815788 62.108810 1.000000 0.630489 0.630489
94.515854 93.661469 61.914238 1.000000 0.638360 0.638360
94.022285 94.506950 61.710438 1.000000 0.653172 0.653172
93.513931 95.347801 61.525665 1.000000 0.669789 0.669789
92.980431 96.178352 61.366806 1.000000 0.695409 0.695409
92.419678 96.994850 61.230953 1.000000 0.716756 0.716756
91.824867 97.791908 61.132008 1.000000 0.707919 0.707919
91.206955 98.575806 61.073059 1.000000 0.698557 0.698557
90.598785 99.367996 61.025524 1.000000 0.715456 0.715456
90.030167 100.187660 60.964584 1.000000 0.723053 0.723053
89.512924 101.039230 60.884541 1.000000 0.666866 0.666866
89.030602 101.910545 60.794865 1.000000 0.587401 0.587401
88.567192 102.791885 60.703232 1.000000 0.557446 0.557446
88.126167 103.682503 60.594257 1.000000 0.563352 0.563352
87.707108 104.578056 60.446571 1.000000 0.548674 0.548674
87.292725 105.468742 60.260372 1.000000 0.504849 0.504849
86.870094 106.349678 60.047798 1.000000 0.501552 0.501552
86.442650 107.223335 59.815598 1.000000 0.520169 0.520169
86.015884 108.092873 59.567154 1.000000 0.568863 0.568863
85.590347 108.962624 59.317345 1.000000 0.626732 0.626732
85.170250 109.842628 59.097389 1.000000 0.674457 0.674457
84.760048 110.739449 58.935631 1.000000 0.703423 0.703423
84.360321 111.650459 58.839729 1.000000 0.709289 0.709289
83.969307 112.569618 58.797791 1.000000 0.689198 0.689198
83.576973 113.489151 58.800484 1.000000 0.670392 0.670392
83.178322 114.404099 58.855789 1.000000 0.673549 0.673549
82.790451 115.318130 58.970020 1.000000 0.700660 0.700660
82.449677 116.242508 59.135380 1.000000 0.735931 0.735931
82.175423 117.182121 59.336819 1.000000 0.742792 0.742792
81.932037 118.125465 59.562122 1.000000 0.731604 0.731604
81.672928 119.056847 59.816532 1.000000 0.736556 0.736556
81.401443 119.974419 60.106510 1.000000 0.768577 0.768577
81.139969 120.893646 60.400448 1.000000 0.808815 0.808815
80.874924 121.825035 60.647423 1.000000 0.833984 0.833984
80.572792 122.758224 60.839119 1.000000 0.853898 0.853898
80.227905 123.679626 61.017155 1.000000 0.877041 0.877041
79.868500 124.593719 61.204914 1.000000 0.885152 0.885152
79.520996 125.515724 61.373817 1.000000 0.872702 0.872702
79.191711 126.451218 61.499798 1.000000 0.863638 0.863638
78.872200 127.393623 61.598469 1.000000 0.867571 0.867571
78.549484 128.335434 61.692326 1.000000 0.864238 0.864238
78.225952 129.277557 61.779953 1.000000 0.827488 0.827488
77.919052 130.226318 61.853580 1.000000 0.766189 0.766189
77.638054 131.183823 61.916859 1.000000 0.721565 0.721565
77.385727 132.149673 61.973442 1.000000 0.710988 0.710988
77.175507 133.125488 62.026653 1.000000 0.721700 0.721700
77.050667 134.114471 62.077801 1.000000 0.717761 0.717761
77.049500 135.111450 62.119339 1.000000 0.676424 0.676424
77.144157 136.106171 62.140564 1.000000 0.639917 0.639917
77.288078 137.095551 62.144028 1.000000 0.651067 0.651067
77.468582 138.078903 62.148922 1.000000 0.684115 0.684115
77.672272 139.057648 62.170551 1.000000 0.709168 0.709168
77.871178 140.036850 62.208813 1.000000 0.714696 0.714696
78.051102 141.018936 62.263348 1.000000 0.699892 0.699892
78.222572 142.001419 62.335640 1.000000 0.682204 0.682204
78.414536 142.978912 62.420856 1.000000 0.689836 0.689836
78.656242 143.945099 62.504864 1.000000 0.726455 0.726455
78.952927 144.897263 62.573017 1.000000 0.765758 0.765758
79.276932 145.840607 62.642971 1.000000 0.785854 0.785854
79.580963 146.783218 62.770020 1.000000 0.799993 0.799993
79.835999 147.721863 62.994747 1.000000 0.793205 0.793205
80.049103 148.653198 63.289097 1.000000 0.769312 0.769312
80.232880 149.589691 63.587063 1.000000 0.736233 0.736233
80.384987 150.540421 63.856155 1.000000 0.720434 0.720434
80.503487 151.497940 64.118484 1.000000 0.712867 0.712867
80.591537 152.451553 64.405418 1.000000 0.718167 0.718167
80.649101 153.403931 64.704376 1.000000 0.739840 0.739840
80.656723 154.371826 64.955589 1.000000 0.756207 0.756207
80.652908 155.343155 65.192574 1.000000 0.765482 0.765482
80.621803 156.319214 65.407188 1.000000 0.776165 0.776165
80.562683 157.300552 65.588028 1.000000 0.773226 0.773226
80.495102 158.289841 65.712875 1.000000 0.741718 0.741718
80.455460 159.286148 65.779800 1.000000 0.695830 0.695830
80.459892 160.285492 65.801483 1.000000 0.679369 0.679369
80.506142 161.284180 65.798477 1.000000 0.703534 0.703534
80.603416 162.278931 65.795860 1.000000 0.737010 0.737010
80.766075 163.264801 65.806953 1.000000 0.752575 0.752575
80.983971 164.240158 65.831635 1.000000 0.749356 0.749356
81.238876 165.205963 65.873985 1.000000 0.748086 0.748086
81.536491 166.156754 65.951057 1.000000 0.751431 0.751431
81.879951 167.088211 66.067566 1.000000 0.721701 0.721701
82.232018 168.014160 66.203674 1.000000 0.680579 0.680579
82.542206 168.956161 66.326248 1.000000 0.657910 0.657910
82.819061 169.913834 66.396980 1.000000 0.647825 0.647825
83.113724 170.868500 66.395981 1.000000 0.642291 0.642291
83.419914 171.818436 66.338036 1.000000 0.672447 0.672447
83.661720 172.782303 66.242744 1.000000 0.720834 0.720834
83.794357 173.764023 66.118752 1.000000 0.733042 0.733042
83.855621 174.747482 65.952301 1.000000 0.727795 0.727795
83.887161 175.718567 65.719124 1.000000 0.750490 0.750490
83.887276 176.674957 65.428680 1.000000 0.801202 0.801202
83.842216 177.629486 65.135399 1.000000 0.856225 0.856225
83.777222 178.597641 64.896774 1.000000 0.893257 0.893257
79
87.068878 100.265717 64.931374 1.000000 0.871408 0.871408
86.903793 101.251740 64.934479 1.000000 0.854554 0.854554
86.701691 102.230927 64.925484 1.000000 0.865917 0.865917
86.483917 103.206909 64.920570 1.000000 0.875828 0.875828
86.268387 104.183205 64.906586 1.000000 0.858584 0.858584
86.057022 105.158394 64.849525 1.000000 0.819001 0.819001
85.831764 106.122772 64.710831 1.000000 0.777479 0.777479
85.592522 107.083000 64.567673 1.000000 0.753950 0.753950
85.324600 108.035210 64.421745 1.000000 0.740722 0.740722
85.033684 108.982750 64.290192 1.000000 0.738065 0.738065
84.740410 109.934151 64.201302 1.000000 0.756379 0.756379
84.483269 110.899086 64.180138 1.000000 0.783195 0.783195
84.294144 111.878815 64.225204 1.000000 0.798385 0.798385
84.169746 112.866699 64.312920 1.000000 0.791952 0.791952
84.081383 113.855530 64.431404 1.000000 0.776835 0.776835
83.992287 114.839630 64.583801 1.000000 0.768450 0.768450
83.869888 115.817894 64.749329 1.000000 0.764676 0.764676
83.701614 116.793289 64.888107 1.000000 0.749220 0.749220
83.503647 117.767319 64.997559 1.000000 0.720233 0.720233
83.312279 118.739731 65.127518 1.000000 0.708949 0.708949
83.166618 119.709023 65.320076 1.000000 0.733038 0.733038
83.090393 120.673409 65.569817 1.000000 0.764892 0.764892
83.071678 121.638481 65.830132 1.000000 0.786119 0.786119
83.066383 122.614021 66.047256 1.000000 0.778551 0.778551
83.035362 123.599098 66.214722 1.000000 0.760460 0.760460
82.940102 124.581886 66.366570 1.000000 0.763910 0.763910
82.712952 125.539658 66.520958 1.000000 0.766147 0.766147
82.333008 126.449409 66.672272 1.000000 0.757072 0.757072
81.873650 127.321831 66.837524 1.000000 0.754245 0.754245
81.403893 128.182144 67.034805 1.000000 0.753433 0.753433
80.926529 129.035812 67.242584 1.000000 0.767011 0.767011
80.429726 129.881638 67.436569 1.000000 0.799340 0.799340
79.961334 130.744125 67.623672 1.000000 0.825381 0.825381
79.611252 131.660721 67.793365 1.000000 0.801417 0.801417
79.386002 132.625656 67.912178 1.000000 0.739184 0.739184
79.214233 133.608627 67.969391 1.000000 0.693500 0.693500
79.050903 134.594971 67.976715 1.000000 0.679943 0.679943
78.885025 135.580948 67.958702 1.000000 0.682346 0.682346
78.717834 136.566727 67.943924 1.000000 0.666652 0.666652
78.556450 137.553558 67.946144 1.000000 0.660586 0.660586
78.419350 138.543793 67.961479 1.000000 0.659017 0.659017
78.325356 139.538742 67.987137 1.000000 0.639125 0.639125
78.266296 140.535919 68.030556 1.000000 0.630250 0.630250
78.222214 141.531982 68.105064 1.000000 0.647829 0.647829
78.206291 142.525391 68.214691 1.000000 0.666297 0.666297
78.266792 143.513626 68.345184 1.000000 0.657394 0.657394
78.420761 144.492386 68.473480 1.000000 0.634410 0.634410
78.628304 145.464111 68.584908 1.000000 0.631404 0.631404
78.845901 146.435364 68.681221 1.000000 0.623543 0.623543
79.066811 147.406326 68.772980 1.000000 0.586483 0.586483
79.308945 148.372223 68.863319 1.000000 0.548944 0.548944
79.580597 149.331131 68.943436 1.000000 0.536122 0.536122
79.873863 150.284943 69.007782 1.000000 0.560662 0.560662
80.181549 151.234818 69.062668 1.000000 0.611024 0.611024
80.496948 152.182159 69.118004 1.000000 0.660004 0.660004
80.805885 153.131546 69.174156 1.000000 0.693294 0.693294
81.090149 154.088547 69.229301 1.000000 0.692902 0.692902
81.348465 155.052612 69.290436 1.000000 0.666075 0.666075
81.611465 156.014725 69.360802 1.000000 0.638459 0.638459
81.911133 156.966400 69.422432 1.000000 0.614133 0.614133
82.250092 157.906372 69.451889 1.000000 0.602800 0.602800
82.606148 158.840805 69.454292 1.000000 0.616073 0.616073
82.940567 159.782913 69.456505 1.000000 0.650331 0.650331
83.213997 160.743958 69.466522 1.000000 0.680559 0.680559
83.422607 161.721451 69.460922 1.000000 0.701168 0.701168
83.593452 162.705948 69.425423 1.000000 0.714300 0.714300
83.748199 163.692230 69.368744 1.000000 0.717219 0.717219
83.900215 164.677750 69.294411 1.000000 0.702259 0.702259
84.057602 165.660156 69.195061 1.000000 0.678593 0.678593
84.218460 166.639847 69.075401 1.000000 0.657061 0.657061
84.380653 167.621201 68.975525 1.000000 0.667370 0.667370
84.543747 168.606079 68.955582 1.000000 0.707395 0.707395
84.714577 169.586273 69.041130 1.000000 0.733452 0.733452
84.903442 170.554398 69.203232 1.000000 0.750671 0.750671
85.107841 171.513718 69.397827 1.000000 0.781121 0.781121
85.316170 172.472565 69.590508 1.000000 0.821066 0.821066
85.520523 173.437820 69.751816 1.000000 0.846588 0.846588
85.725395 174.410736 69.852890 1.000000 0.856723 0.856723
85.932793 175.387939 69.875237 1.000000 0.877660 0.877660
88
86.810608 99.994629 65.666000 1.000000 0.878764 0.878764
86.645271 100.977074 65.749702 1.000000 0.856009 0.856009
86.444901 101.952530 65.838112 1.000000 0.874451 0.874451
86.241058 102.920372 65.980644 1.000000 0.899650 0.899650
86.060989 103.883957 66.177368 1.000000 0.899095 0.899095
85.896378 104.852539 66.360107 1.000000 0.888712 0.888712
85.731384 105.832054 66.449646 1.000000 0.881208 0.881208
85.545547 106.813293 66.429420 1.000000 0.876820 0.876820
85.314621 107.781929 66.345001 1.000000 0.875916 0.875916
85.040482 108.738396 66.246597 1.000000 0.866504 0.866504
84.777588 109.703041 66.227776 1.000000 0.863628 0.863628
84.554977 110.675331 66.258583 1.000000 0.874348 0.874348
84.427795 111.655807 66.388496 1.000000 0.886785 0.886785
84.387131 112.632492 66.594559 1.000000 0.886110 0.886110
84.389534 113.603165 66.834633 1.000000 0.871000 0.871000
84.401184 114.572319 67.080818 1.000000 0.868389 0.868389
84.404648 115.543694 67.318069 1.000000 0.880188 0.880188
84.395020 116.519562 67.535873 1.000000 0.875968 0.875968
84.388664 117.497673 67.743652 1.000000 0.852222 0.852222
84.414917 118.472923 67.961800 1.000000 0.819321 0.819321
84.488029 119.444870 68.184067 1.000000 0.783545 0.783545
84.597771 120.419067 68.379410 1.000000 0.756953 0.756953
84.729263 121.398224 68.532501 1.000000 0.745586 0.745586
84.890083 122.375290 68.670319 1.000000 0.748503 0.748503
85.096130 123.338531 68.838882 1.000000 0.765776 0.765776
85.326424 124.285233 69.062241 1.000000 0.800373 0.800373
85.518158 125.225151 69.340691 1.000000 0.832128 0.832128
85.599792 126.164307 69.666397 1.000000 0.838605 0.838605
85.523506 127.095779 70.012604 1.000000 0.813239 0.813239
85.285820 128.009079 70.335129 1.000000 0.772758 0.772758
84.932014 128.897369 70.625229 1.000000 0.738982 0.738982
84.542458 129.769150 70.921875 1.000000 0.730781 0.730781
84.175613 130.642944 71.240433 1.000000 0.733483 0.733483
83.836250 131.528122 71.558456 1.000000 0.748771 0.748771
83.513603 132.421463 71.871109 1.000000 0.769382 0.769382
83.218018 133.319977 72.194916 1.000000 0.768049 0.768049
82.957863 134.228088 72.522461 1.000000 0.747805 0.747805
82.720406 135.148300 72.833298 1.000000 0.728764 0.728764
82.495995 136.079254 73.120956 1.000000 0.708003 0.708003
82.284683 137.021515 73.380081 1.000000 0.685917 0.685917
82.084229 137.974121 73.608376 1.000000 0.660847 0.660847
81.891624 138.934830 73.807610 1.000000 0.647328 0.647328
81.722557 139.905289 73.977814 1.000000 0.655876 0.655876
81.613640 140.888763 74.115082 1.000000 0.676869 0.676869
81.573051 141.882385 74.213158 1.000000 0.692050 0.692050
81.571312 142.880173 74.277153 1.000000 0.697350 0.697350
81.579338 143.878876 74.327522 1.000000 0.701903 0.701903
81.591240 144.877090 74.385315 1.000000 0.694865 0.694865
81.616821 145.874207 74.455864 1.000000 0.675806 0.675806
81.663147 146.870041 74.533707 1.000000 0.642910 0.642910
81.739243 147.864029 74.610085 1.000000 0.605952 0.605952
81.850777 148.855392 74.676796 1.000000 0.573325 0.573325
81.987839 149.844116 74.736557 1.000000 0.548946 0.548946
82.136566 150.830978 74.799377 1.000000 0.558360 0.558360
82.292824 151.816345 74.867393 1.000000 0.583090 0.583090
82.460297 152.799973 74.933418 1.000000 0.584888 0.584888
82.633690 153.783264 74.988373 1.000000 0.567895 0.567895
82.787361 154.770050 75.035973 1.000000 0.550836 0.550836
82.900459 155.762070 75.086975 1.000000 0.550567 0.550567
83.004189 156.755203 75.139900 1.000000 0.559591 0.559591
83.162010 157.740662 75.184967 1.000000 0.546886 0.546886
83.395683 158.711914 75.211678 1.000000 0.503135 0.503135
83.678711 159.670837 75.215645 1.000000 0.468537 0.468537
83.977760 160.624893 75.199532 1.000000 0.477182 0.477182
84.271408 161.580246 75.168297 1.000000 0.515510 0.515510
84.553864 162.538681 75.128166 1.000000 0.547229 0.547229
84.834381 163.497513 75.084122 1.000000 0.554129 0.554129
85.124191 164.453522 75.039513 1.000000 0.543567 0.543567
85.417061 165.408569 74.993477 1.000000 0.538006 0.538006
85.693687 166.368103 74.942680 1.000000 0.528143 0.528143
85.950798 167.333099 74.891495 1.000000 0.482537 0.482537
86.216370 168.296204 74.851425 1.000000 0.420144 0.420144
86.522118 169.247665 74.829567 1.000000 0.402815 0.402815
86.868851 170.185440 74.822052 1.000000 0.467895 0.467895
87.238831 171.114426 74.817848 1.000000 0.564350 0.564350
87.628273 172.035370 74.810944 1.000000 0.622672 0.622672
88.045662 172.943863 74.800903 1.000000 0.662356 0.662356
88.477394 173.845657 74.782608 1.000000 0.723855 0.723855
88.875389 174.761612 74.746666 1.000000 0.799922 0.799922
89.186012 175.709061 74.694824 1.000000 0.845996 0.845996
89.396156 176.684296 74.638145 1.000000 0.855255 0.855255
89.554993 177.667923 74.556885 1.000000 0.848105 0.848105
89.707932 178.642014 74.398766 1.000000 0.849382 0.849382
89.854988 179.598251 74.148788 1.000000 0.872143 0.872143
90.005951 180.544632 73.863510 1.000000 0.886760 0.886760
90.224579 181.486923 73.617851 1.000000 0.876628 0.876628
90.561829 182.407791 73.434525 1.000000 0.858566 0.858566
91.016930 183.286911 73.309578 1.000000 0.866390 0.866390
59
91.733490 71.750771 68.026169 1.000000 0.898014 0.898014
92.565269 72.291985 68.086632 1.000000 0.879099 0.879099
93.266068 72.996178 68.047539 1.000000 0.840034 0.840034
93.863411 73.792793 67.961197 1.000000 0.743287 0.743287
94.412964 74.619652 67.844971 1.000000 0.668379 0.668379
94.903053 75.477898 67.698326 1.000000 0.681742 0.681742
95.316597 76.374466 67.544853 1.000000 0.714363 0.714363
95.678261 77.295433 67.400787 1.000000 0.734827 0.734827
96.020958 78.222153 67.247269 1.000000 0.745823 0.745823
96.349632 79.147751 67.060776 1.000000 0.725701 0.725701
96.655991 80.074287 66.843071 1.000000 0.675194 0.675194
96.939018 81.007462 66.621979 1.000000 0.636918 0.636918
97.194885 81.951630 66.415276 1.000000 0.637221 0.637221
97.402504 82.907928 66.211823 1.000000 0.663278 0.663278
97.537079 83.874496 65.997620 1.000000 0.691862 0.691862
97.595245 84.847565 65.777405 1.000000 0.710561 0.710561
97.577805 85.825150 65.572205 1.000000 0.720994 0.720994
97.468201 86.800804 65.390099 1.000000 0.692146 0.692146
97.260498 87.761414 65.211945 1.000000 0.662484 0.662484
96.975159 88.698257 65.013077 1.000000 0.711406 0.711406
96.636581 89.609085 64.779060 1.000000 0.765535 0.765535
96.244080 90.489449 64.515648 1.000000 0.751514 0.751514
95.787033 91.341217 64.262573 1.000000 0.671422 0.671422
95.288643 92.181129 64.048897 1.000000 0.582798 0.582798
94.784538 93.022186 63.852718 1.000000 0.558021 0.558021
94.287422 93.862900 63.638630 1.000000 0.578892 0.578892
93.788330 94.698135 63.407894 1.000000 0.611900 0.611900
93.277069 95.528351 63.186085 1.000000 0.654191 0.654191
92.759750 96.357506 62.974201 1.000000 0.694224 0.694224
92.243401 97.184547 62.752213 1.000000 0.724054 0.724054
91.716599 98.005264 62.531605 1.000000 0.736382 0.736382
91.174118 98.824165 62.345558 1.000000 0.743477 0.743477
90.647614 99.658417 62.184021 1.000000 0.768939 0.768939
90.178032 100.523369 62.011925 1.000000 0.772788 0.772788
89.758461 101.411064 61.822948 1.000000 0.736216 0.736216
89.345818 102.303574 61.641308 1.000000 0.668062 0.668062
88.927917 103.197639 61.480270 1.000000 0.624218 0.624218
88.522560 104.097404 61.319305 1.000000 0.617500 0.617500
88.131317 104.999283 61.136642 1.000000 0.601429 0.601429
87.738022 105.895065 60.929924 1.000000 0.580352 0.580352
87.338707 106.783218 60.702690 1.000000 0.585642 0.585642
86.943855 107.668083 60.455784 1.000000 0.593125 0.593125
86.559425 108.553276 60.193871 1.000000 0.603923 0.603923
86.179291 109.441399 59.935719 1.000000 0.633019 0.633019
85.795494 110.343933 59.740444 1.000000 0.668593 0.668593
85.404503 111.249344 59.578625 1.000000 0.697601 0.697601
85.004028 112.159821 59.479599 1.000000 0.714046 0.714046
84.605812 113.075645 59.434669 1.000000 0.707784 0.707784
84.225990 113.999992 59.446651 1.000000 0.689831 0.689831
83.882683 114.934143 59.531834 1.000000 0.671295 0.671295
83.597862 115.877525 59.694561 1.000000 0.662750 0.662750
83.379967 116.829544 59.906769 1.000000 0.663912 0.663912
83.200867 117.788521 60.126324 1.000000 0.683607 0.683607
83.009964 118.746803 60.338142 1.000000 0.725020 0.725020
82.769043 119.689842 60.564762 1.000000 0.768401 0.768401
82.478714 120.610703 60.823738 1.000000 0.805836 0.805836
82.172440 121.525688 61.086079 1.000000 0.838067 0.838067
81.859283 122.450485 61.298481 1.000000 0.856875 0.856875
81.517960 123.377357 61.452019 1.000000 0.880649 0.880649
111
86.560951 174.263992 70.501518 1.000000 0.875463 0.875463
86.251549 173.319992 70.388374 1.000000 0.866526 0.866526
85.963974 172.373901 70.240593 1.000000 0.848413 0.848413
85.703873 171.425003 70.062820 1.000000 0.812054 0.812054
85.478638 170.468811 69.876976 1.000000 0.777901 0.777901
85.295944 169.497772 69.728821 1.000000 0.757622 0.757622
85.160728 168.510788 69.677864 1.000000 0.724756 0.724756
85.073601 167.519073 69.748497 1.000000 0.677417 0.677417
85.024666 166.531723 69.897072 1.000000 0.671656 0.671656
84.987076 165.545288 70.056503 1.000000 0.715159 0.715159
84.931244 164.555313 70.183220 1.000000 0.764375 0.764375
84.847183 163.562958 70.270981 1.000000 0.795752 0.795752
84.736076 162.571045 70.329056 1.000000 0.814349 0.814349
84.580139 161.584335 70.349716 1.000000 0.810008 0.810008
84.341179 160.615509 70.318527 1.000000 0.776635 0.776635
84.008354 159.675964 70.251549 1.000000 0.731958 0.731958
83.609497 158.761322 70.192703 1.000000 0.694001 0.694001
83.187492 157.855392 70.159279 1.000000 0.672836 0.672836
82.786316 156.940536 70.121040 1.000000 0.674588 0.674588
82.431587 156.008774 70.050781 1.000000 0.693518 0.693518
82.115303 155.064758 69.957993 1.000000 0.717974 0.717974
81.797569 154.121552 69.861977 1.000000 0.739657 0.739657
81.446625 153.190247 69.766304 1.000000 0.734226 0.734226
81.075325 152.266754 69.670006 1.000000 0.695164 0.695164
80.712761 151.339127 69.581146 1.000000 0.635902 0.635902
80.374718 150.401093 69.506462 1.000000 0.573409 0.573409
80.063942 149.453293 69.436226 1.000000 0.532912 0.532912
79.780228 148.497894 69.355896 1.000000 0.530584 0.530584
79.530197 147.534103 69.265305 1.000000 0.563852 0.563852
79.318115 146.561264 69.174400 1.000000 0.617644 0.617644
79.135345 145.582703 69.080284 1.000000 0.657601 0.657601
78.972244 144.602646 68.967812 1.000000 0.670256 0.670256
78.841476 143.620621 68.834160 1.000000 0.676344 0.676344
78.769974 142.633362 68.696342 1.000000 0.676703 0.676703
78.758110 141.641006 68.576706 1.000000 0.665214 0.665214
78.783409 140.645706 68.485214 1.000000 0.655897 0.655897
78.840622 139.650009 68.414986 1.000000 0.665321 0.665321
78.939819 138.657166 68.352692 1.000000 0.676887 0.676887
79.076134 137.668350 68.293732 1.000000 0.672044 0.672044
79.226852 136.680786 68.251801 1.000000 0.680126 0.680126
79.380196 135.692810 68.241508 1.000000 0.694373 0.694373
79.541916 134.706009 68.241592 1.000000 0.677329 0.677329
79.722656 133.723541 68.207687 1.000000 0.673510 0.673510
79.933533 132.751144 68.115051 1.000000 0.711325 0.711325
80.208199 131.802628 67.968521 1.000000 0.771063 0.771063
80.597374 130.901001 67.795113 1.000000 0.785250 0.785250
81.078896 130.043396 67.616562 1.000000 0.749248 0.749248
81.575821 129.197998 67.421478 1.000000 0.723671 0.723671
82.061501 128.350235 67.208435 1.000000 0.730695 0.730695
82.552071 127.500397 67.017509 1.000000 0.745823 0.745823
83.030411 126.636169 66.864349 1.000000 0.759104 0.759104
83.408058 125.727783 66.708969 1.000000 0.778977 0.778977
83.597893 124.767807 66.530663 1.000000 0.775820 0.775820
83.631454 123.784912 66.356613 1.000000 0.756638 0.756638
83.607277 122.799812 66.186592 1.000000 0.756807 0.756807
83.583870 121.821083 65.984879 1.000000 0.756890 0.756890
83.592300 120.853386 65.735023 1.000000 0.733605 0.733605
83.660736 119.891266 65.473808 1.000000 0.708450 0.708450
83.800980 118.926361 65.257019 1.000000 0.694277 0.694277
83.997849 117.958420 65.105515 1.000000 0.712979 0.712979
84.217827 116.990852 64.981384 1.000000 0.743573 0.743573
84.425514 116.024986 64.829086 1.000000 0.754152 0.754152
84.564713 115.051979 64.645035 1.000000 0.752311 0.752311
84.682663 114.072754 64.483086 1.000000 0.758357 0.758357
84.771774 113.083076 64.376022 1.000000 0.773225 0.773225
84.876518 112.090408 64.326828 1.000000 0.782846 0.782846
85.040710 111.105034 64.327637 1.000000 0.768643 0.768643
85.269630 110.133881 64.380859 1.000000 0.744595 0.744595
85.531845 109.174911 64.485588 1.000000 0.733562 0.733562
85.797256 108.220833 64.624039 1.000000 0.743808 0.743808
86.051315 107.265236 64.773132 1.000000 0.763072 0.763072
86.289627 106.304787 64.916794 1.000000 0.791400 0.791400
86.517288 105.338341 65.033829 1.000000 0.828565 0.828565
86.748535 104.369225 65.118271 1.000000 0.861331 0.861331
87.002243 103.406715 65.210785 1.000000 0.875495 0.875495
87.281982 102.458534 65.357658 1.000000 0.868616 0.868616
87.554420 101.521347 65.572365 1.000000 0.861147 0.861147
87.791832 100.587753 65.838997 1.000000 0.868801 0.868801
88.022881 99.662521 66.139206 1.000000 0.883067 0.883067
88.308777 98.768425 66.480103 1.000000 0.883297 0.883297
88.679390 97.925751 66.867584 1.000000 0.873555 0.873555
89.120171 97.135582 67.291512 1.000000 0.875299 0.875299
89.619293 96.406120 67.756622 1.000000 0.873906 0.873906
90.167160 95.723106 68.238991 1.000000 0.857490 0.857490
90.736191 95.034760 68.687729 1.000000 0.827353 0.827353
91.294029 94.303535 69.077927 1.000000 0.799454 0.799454
91.829254 93.526939 69.408333 1.000000 0.788213 0.788213
92.349770 92.716743 69.675125 1.000000 0.788961 0.788961
92.858292 91.876190 69.853897 1.000000 0.786266 0.786266
93.335495 91.002838 69.938446 1.000000 0.778958 0.778958
93.752373 90.095467 69.972466 1.000000 0.797569 0.797569
94.102020 89.160179 70.013794 1.000000 0.823779 0.823779
94.419281 88.215576 70.094414 1.000000 0.839197 0.839197
94.743568 87.275909 70.202896 1.000000 0.829444 0.829444
95.046616 86.329628 70.310928 1.000000 0.822280 0.822280
95.267044 85.361816 70.417252 1.000000 0.827267 0.827267
95.377602 84.380547 70.558571 1.000000 0.824693 0.824693
95.371979 83.405472 70.767494 1.000000 0.832176 0.832176
95.266991 82.449745 71.036690 1.000000 0.852579 0.852579
95.113861 81.505180 71.326843 1.000000 0.852387 0.852387
94.939430 80.559387 71.600227 1.000000 0.804916 0.804916
94.722740 79.617325 71.854256 1.000000 0.736793 0.736793
94.430931 78.693909 72.099403 1.000000 0.709230 0.709230
94.037956 77.806175 72.331390 1.000000 0.726603 0.726603
93.513962 76.982773 72.531921 1.000000 0.754503 0.754503
92.857170 76.246681 72.676659 1.000000 0.783622 0.783622
92.106361 75.592400 72.735115 1.000000 0.843900 0.843900
91.288177 75.029732 72.665688 1.000000 0.866378 0.866378
90.413048 74.589722 72.480232 1.000000 0.842030 0.842030
89.503021 74.246964 72.249580 1.000000 0.836449 0.836449
88.571251 73.955894 72.034821 1.000000 0.884468 0.884468
61
81.588013 124.205009 62.871395 1.000000 0.873347 0.873347
81.905472 123.268112 62.726246 1.000000 0.834981 0.834981
82.239845 122.340355 62.562408 1.000000 0.817382 0.817382
82.570137 121.423210 62.341770 1.000000 0.796683 0.796683
82.897980 120.512650 62.089958 1.000000 0.746196 0.746196
83.216072 119.592430 61.863869 1.000000 0.684002 0.684002
83.504608 118.652428 61.684380 1.000000 0.631570 0.631570
83.758865 117.698418 61.526405 1.000000 0.591104 0.591104
83.995010 116.741844 61.356010 1.000000 0.572709 0.572709
84.243408 115.790176 61.175369 1.000000 0.588352 0.588352
84.501907 114.836838 61.022236 1.000000 0.633433 0.633433
84.783417 113.881973 60.938190 1.000000 0.677792 0.677792
85.090332 112.931068 60.931496 1.000000 0.698718 0.698718
85.415405 111.987526 60.988274 1.000000 0.689918 0.689918
85.742485 111.049637 61.100552 1.000000 0.659616 0.659616
86.056618 110.114868 61.264431 1.000000 0.617210 0.617210
86.356735 109.182915 61.467228 1.000000 0.584694 0.584694
86.655815 108.255280 61.690800 1.000000 0.593166 0.593166
86.966293 107.331551 61.914940 1.000000 0.616713 0.616713
87.289406 106.408813 62.124805 1.000000 0.636597 0.636597
87.614258 105.483635 62.320988 1.000000 0.658763 0.658763
87.931725 104.554962 62.512707 1.000000 0.682840 0.682840
88.248451 103.626366 62.706024 1.000000 0.706893 0.706893
88.570099 102.702942 62.914928 1.000000 0.742207 0.742207
88.873260 101.789116 63.181072 1.000000 0.789097 0.789097
89.138824 100.895332 63.538898 1.000000 0.809087 0.809087
89.408760 100.032448 63.964920 1.000000 0.813349 0.813349
89.755981 99.207909 64.407822 1.000000 0.804239 0.804239
90.196075 98.431358 64.856354 1.000000 0.771766 0.771766
90.680656 97.701309 65.337227 1.000000 0.748787 0.748787
91.173225 96.996826 65.848145 1.000000 0.745385 0.745385
91.675308 96.284477 66.337540 1.000000 0.745644 0.745644
92.193130 95.542885 66.762306 1.000000 0.728612 0.728612
92.722588 94.776558 67.125229 1.000000 0.703290 0.703290
93.265846 93.997467 67.436905 1.000000 0.678155 0.678155
93.821091 93.207176 67.694427 1.000000 0.663862 0.663862
94.369942 92.400772 67.914093 1.000000 0.677435 0.677435
94.887802 91.580521 68.153992 1.000000 0.723632 0.723632
95.341164 90.747108 68.464081 1.000000 0.779842 0.779842
95.706039 89.882027 68.804436 1.000000 0.804754 0.804754
95.998795 88.977051 69.110847 1.000000 0.773311 0.773311
96.243103 88.050194 69.394890 1.000000 0.705273 0.705273
96.439728 87.114639 69.686981 1.000000 0.645800 0.645800
96.585213 86.169495 69.978043 1.000000 0.654024 0.654024
96.674683 85.211014 70.246529 1.000000 0.683053 0.683053
96.681602 84.244568 70.497864 1.000000 0.716147 0.716147
96.564758 83.289322 70.759766 1.000000 0.741626 0.741626
96.336082 82.359818 71.045570 1.000000 0.737999 0.737999
96.072586 81.444817 71.350945 1.000000 0.728556 0.728556
95.832924 80.522865 71.654472 1.000000 0.697219 0.697219
95.607933 79.590561 71.937370 1.000000 0.651491 0.651491
95.351906 78.660767 72.200188 1.000000 0.646455 0.646455
95.026276 77.747963 72.442711 1.000000 0.678918 0.678918
94.602890 76.869255 72.654350 1.000000 0.721845 0.721845
94.065933 76.045586 72.823929 1.000000 0.735481 0.735481
93.446083 75.271164 72.944611 1.000000 0.756564 0.756564
92.785881 74.523308 72.996758 1.000000 0.818469 0.818469
92.070389 73.834549 72.931892 1.000000 0.876818 0.876818
91.257462 73.282730 72.774673 1.000000 0.890400 0.890400
90.353287 72.878738 72.682632 1.000000 0.888052 0.888052
89.401695 72.594734 72.743439 1.000000 0.895687 0.895687
36
93.826714 97.208618 74.479385 1.000000 0.891777 0.891777
93.292107 97.809669 73.888710 1.000000 0.879219 0.879219
92.716736 98.305038 73.240997 1.000000 0.883445 0.883445
92.162056 98.702019 72.511909 1.000000 0.881514 0.881514
91.664490 99.044716 71.716087 1.000000 0.868271 0.868271
91.221809 99.390808 70.889351 1.000000 0.844539 0.844539
90.819855 99.780830 70.061600 1.000000 0.823485 0.823485
90.456787 100.236900 69.250313 1.000000 0.817406 0.817406
90.141296 100.776512 68.471886 1.000000 0.823334 0.823334
89.882278 101.396111 67.732590 1.000000 0.830058 0.830058
89.679718 102.071045 67.024063 1.000000 0.836348 0.836348
89.519714 102.785995 66.344063 1.000000 0.842326 0.842326
89.374466 103.538689 65.702530 1.000000 0.852988 0.852988
89.218636 104.334557 65.118835 1.000000 0.867276 0.867276
89.045204 105.184181 64.623993 1.000000 0.881049 0.881049
88.851105 106.085167 64.240997 1.000000 0.875433 0.875433
88.632301 107.014297 63.944798 1.000000 0.852989 0.852989
88.402832 107.954002 63.691608 1.000000 0.835840 0.835840
88.182961 108.905884 63.480721 1.000000 0.843147 0.843147
87.967934 109.872101 63.349064 1.000000 0.866500 0.866500
87.727509 110.840782 63.315125 1.000000 0.885398 0.885398
87.451431 111.801369 63.341896 1.000000 0.887060 0.887060
87.162254 112.757698 63.384254 1.000000 0.860763 0.860763
86.870453 113.711273 63.454544 1.000000 0.804907 0.804907
86.562737 114.652748 63.586445 1.000000 0.759331 0.759331
86.220886 115.569832 63.787632 1.000000 0.747734 0.747734
85.854195 116.467880 64.030365 1.000000 0.766266 0.766266
85.503441 117.374008 64.265236 1.000000 0.780584 0.780584
85.198257 118.302658 64.474220 1.000000 0.766015 0.766015
84.945816 119.244217 64.694435 1.000000 0.745777 0.745777
84.754326 120.189468 64.955605 1.000000 0.742077 0.742077
84.640373 121.141945 65.234741 1.000000 0.754454 0.754454
84.621140 122.106819 65.490791 1.000000 0.774990 0.774990
84.701347 123.076241 65.717049 1.000000 0.786380 0.786380
84.868324 124.033997 65.951202 1.000000 0.815677 0.815677
84.996353 124.995003 66.193062 1.000000 0.871561 0.871561
102
89.725380 73.480057 74.164841 1.000000 0.887622 0.887622
90.600822 73.936890 74.301750 1.000000 0.873753 0.873753
91.402748 74.500015 74.487007 1.000000 0.863422 0.863422
92.116768 75.182312 74.621483 1.000000 0.840354 0.840354
92.762421 75.942780 74.665817 1.000000 0.807246 0.807246
93.356125 76.745018 74.627090 1.000000 0.791211 0.791211
93.869896 77.590363 74.499893 1.000000 0.773195 0.773195
94.279930 78.472809 74.279228 1.000000 0.741652 0.741652
94.593452 79.377274 73.994003 1.000000 0.719325 0.719325
94.826607 80.296562 73.679092 1.000000 0.718514 0.718514
95.007629 81.220169 73.341843 1.000000 0.736317 0.736317
95.179199 82.130836 72.966988 1.000000 0.741475 0.741475
95.353500 83.026802 72.558655 1.000000 0.737410 0.737410
95.491463 83.930466 72.155090 1.000000 0.735862 0.735862
95.542816 84.858582 71.791695 1.000000 0.739469 0.739469
95.484749 85.804710 71.479385 1.000000 0.731096 0.731096
95.321198 86.750519 71.204216 1.000000 0.724479 0.724479
95.079346 87.685593 70.946762 1.000000 0.757034 0.757034
94.799057 88.617119 70.716209 1.000000 0.794491 0.794491
94.494308 89.552452 70.540359 1.000000 0.801535 0.801535
94.143631 90.479256 70.411400 1.000000 0.785522 0.785522
93.723434 91.376740 70.284454 1.000000 0.767455 0.767455
93.240639 92.234924 70.115143 1.000000 0.759682 0.759682
92.723801 93.058060 69.882744 1.000000 0.756899 0.756899
92.195297 93.855629 69.593147 1.000000 0.762003 0.762003
91.658966 94.628014 69.254166 1.000000 0.777548 0.777548
91.110687 95.362587 68.856560 1.000000 0.801072 0.801072
90.562218 96.054398 68.388794 1.000000 0.822089 0.822089
90.040520 96.723602 67.860619 1.000000 0.827923 0.827923
89.560829 97.412849 67.318619 1.000000 0.827189 0.827189
89.125633 98.150490 66.803642 1.000000 0.828746 0.828746
88.747169 98.935501 66.314835 1.000000 0.843979 0.843979
88.443520 99.763817 65.846046 1.000000 0.854813 0.854813
88.200722 100.628883 65.408134 1.000000 0.853073 0.853073
87.969749 101.522842 65.026405 1.000000 0.845822 0.845822
87.712402 102.440102 64.726471 1.000000 0.837141 0.837141
87.438530 103.374893 64.502228 1.000000 0.829818 0.829818
87.174553 104.323227 64.327560 1.000000 0.814167 0.814167
86.919823 105.278687 64.178658 1.000000 0.782385 0.782385
86.663414 106.233414 64.028084 1.000000 0.744015 0.744015
86.403893 107.184685 63.861755 1.000000 0.705081 0.705081
86.144989 108.134422 63.685802 1.000000 0.673062 0.673062
85.885803 109.084938 63.514633 1.000000 0.656537 0.656537
85.624825 110.038589 63.365677 1.000000 0.672127 0.672127
85.372917 110.999481 63.253326 1.000000 0.705482 0.705482
85.151863 111.971764 63.184132 1.000000 0.730919 0.730919
84.969612 112.954178 63.168419 1.000000 0.728241 0.728241
84.804565 113.938141 63.223263 1.000000 0.703142 0.703142
84.622864 114.912560 63.350334 1.000000 0.675102 0.675102
84.407303 115.874413 63.517673 1.000000 0.656352 0.656352
84.163681 116.831436 63.673519 1.000000 0.646334 0.646334
83.905235 117.789314 63.798046 1.000000 0.626765 0.626765
83.645302 118.745712 63.929737 1.000000 0.632705 0.632705
83.404510 119.697327 64.116440 1.000000 0.678276 0.678276
83.208824 120.644753 64.366211 1.000000 0.735799 0.735799
83.068184 121.595177 64.642326 1.000000 0.779948 0.779948
82.959030 122.558090 64.887077 1.000000 0.789269 0.789269
82.853264 123.533531 65.078873 1.000000 0.778415 0.778415
82.731461 124.511826 65.245644 1.000000 0.791317 0.791317
82.539871 125.476479 65.415520 1.000000 0.817509 0.817509
82.223625 126.406555 65.588844 1.000000 0.817478 0.817478
81.821609 127.304054 65.768677 1.000000 0.796598 0.796598
81.391876 128.185852 65.962639 1.000000 0.779191 0.779191
80.930244 129.052475 66.149940 1.000000 0.788608 0.788608
80.428719 129.903183 66.304962 1.000000 0.815091 0.815091
79.940758 130.766479 66.428169 1.000000 0.832102 0.832102
79.546562 131.678268 66.519493 1.000000 0.814934 0.814934
79.248085 132.630737 66.559181 1.000000 0.783762 0.783762
78.999687 133.598785 66.542816 1.000000 0.758898 0.758898
78.780312 134.572861 66.490089 1.000000 0.739373 0.739373
78.588760 135.552429 66.431076 1.000000 0.718914 0.718914
78.435638 136.539413 66.390480 1.000000 0.691285 0.691285
78.328621 137.533203 66.376343 1.000000 0.671807 0.671807
78.267456 138.530975 66.384476 1.000000 0.660797 0.660797
78.256493 139.530197 66.408882 1.000000 0.642686 0.642686
78.291229 140.528107 66.457176 1.000000 0.629877 0.629877
78.354210 141.521347 66.550049 1.000000 0.642133 0.642133
78.449951 142.505630 66.693878 1.000000 0.665139 0.665139
78.617401 143.473648 66.872620 1.000000 0.674482 0.674482
78.879295 144.418076 67.065231 1.000000 0.675202 0.675202
79.207314 145.341797 67.261848 1.000000 0.677042 0.677042
79.557663 146.254944 67.469994 1.000000 0.664022 0.664022
79.909882 147.163437 67.694763 1.000000 0.643507 0.643507
80.271507 148.067734 67.921310 1.000000 0.639323 0.639323
80.653336 148.967850 68.130447 1.000000 0.659449 0.659449
81.060860 149.859024 68.328949 1.000000 0.705896 0.705896
81.505646 150.725388 68.552536 1.000000 0.761090 0.761090
81.994850 151.555466 68.817795 1.000000 0.810387 0.810387
82.528282 152.358429 69.081841 1.000000 0.847441 0.847441
83.089500 153.159454 69.286018 1.000000 0.864085 0.864085
83.634148 153.987350 69.411644 1.000000 0.865499 0.865499
84.096466 154.872482 69.464577 1.000000 0.862211 0.862211
84.556419 155.759460 69.503159 1.000000 0.844848 0.844848
85.031853 156.638626 69.528313 1.000000 0.819523 0.819523
85.525719 157.506897 69.571938 1.000000 0.798407 0.798407
86.002068 158.383011 69.642609 1.000000 0.791756 0.791756
86.458092 159.269333 69.723083 1.000000 0.801295 0.801295
86.943001 160.139954 69.797714 1.000000 0.828088 0.828088
87.502373 160.965515 69.850784 1.000000 0.852458 0.852458
88.119690 161.751526 69.861794 1.000000 0.874045 0.874045
88.736794 162.537720 69.836601 1.000000 0.889119 0.889119
89.320038 163.349335 69.817078 1.000000 0.897644 0.897644
90
92.821548 90.513290 81.675362 1.000000 0.890271 0.890271
93.210068 91.194229 81.056534 1.000000 0.801442 0.801442
93.531021 91.909027 80.435768 1.000000 0.724455 0.724455
93.812187 92.636299 79.809982 1.000000 0.686302 0.686302
94.047073 93.361534 79.163551 1.000000 0.700697 0.700697
94.209000 94.089264 78.498726 1.000000 0.750461 0.750461
94.263519 94.808655 77.810165 1.000000 0.809138 0.809138
94.172615 95.484131 77.085823 1.000000 0.853778 0.853778
93.923790 96.093513 76.337784 1.000000 0.880550 0.880550
93.550301 96.657768 75.603386 1.000000 0.883407 0.883407
93.089027 97.188866 74.894096 1.000000 0.870937 0.870937
92.571182 97.657150 74.179512 1.000000 0.861154 0.861154
92.043655 98.044724 73.424820 1.000000 0.856898 0.856898
91.544373 98.374077 72.624016 1.000000 0.854362 0.854362
91.087158 98.684921 71.791115 1.000000 0.843603 0.843603
90.665695 99.016220 70.947281 1.000000 0.832673 0.832673
90.265907 99.402435 70.116798 1.000000 0.828876 0.828876
89.884773 99.870270 69.321091 1.000000 0.832004 0.832004
89.531769 100.432678 68.575508 1.000000 0.833444 0.833444
89.215096 101.068481 67.872459 1.000000 0.830360 0.830360
88.929253 101.743416 67.192474 1.000000 0.833441 0.833441
88.656067 102.450073 66.540306 1.000000 0.847258 0.847258
88.377533 103.205894 65.949768 1.000000 0.870068 0.870068
88.096497 104.031418 65.464760 1.000000 0.891019 0.891019
87.832474 104.928299 65.117737 1.000000 0.897383 0.897383
87.582161 105.867722 64.888626 1.000000 0.878866 0.878866
87.338158 106.821106 64.711212 1.000000 0.843508 0.843508
87.107574 107.779030 64.540550 1.000000 0.807416 0.807416
86.894806 108.743828 64.387138 1.000000 0.788186 0.788186
86.697556 109.716927 64.270515 1.000000 0.791369 0.791369
86.510933 110.696259 64.195625 1.000000 0.813933 0.813933
86.339050 111.680206 64.149712 1.000000 0.832045 0.832045
86.185143 112.667877 64.134270 1.000000 0.816747 0.816747
86.024094 113.652565 64.183937 1.000000 0.778263 0.778263
85.818932 114.620499 64.319420 1.000000 0.747687 0.747687
85.558395 115.563316 64.523888 1.000000 0.749132 0.749132
85.268127 116.492714 64.751770 1.000000 0.768615 0.768615
84.988327 117.430717 64.954628 1.000000 0.769929 0.769929
84.744797 118.383453 65.134804 1.000000 0.740136 0.740136
84.551987 119.341888 65.341110 1.000000 0.717071 0.717071
84.422890 120.300407 65.592186 1.000000 0.716226 0.716226
84.365746 121.263809 65.851357 1.000000 0.732754 0.732754
84.382416 122.236862 66.077255 1.000000 0.754358 0.754358
84.464592 123.213646 66.272682 1.000000 0.767303 0.767303
84.574120 124.187790 66.470108 1.000000 0.798710 0.798710
84.613953 125.160774 66.684364 1.000000 0.845053 0.845053
84.432381 126.109909 66.885162 1.000000 0.849690 0.849690
83.995705 126.992226 67.029755 1.000000 0.809528 0.809528
83.447151 127.819130 67.150322 1.000000 0.779090 0.779090
82.892181 128.633087 67.317329 1.000000 0.747283 0.747283
82.368385 129.457977 67.529091 1.000000 0.716424 0.716424
81.864517 130.297256 67.732567 1.000000 0.720679 0.720679
81.387680 131.156082 67.917839 1.000000 0.749090 0.749090
80.988922 132.050385 68.111320 1.000000 0.740592 0.740592
80.689423 132.983795 68.303322 1.000000 0.697264 0.697264
80.452995 133.943542 68.449196 1.000000 0.678115 0.678115
80.256432 134.920242 68.524940 1.000000 0.697058 0.697058
80.095490 135.906555 68.555611 1.000000 0.724553 0.724553
79.957603 136.895691 68.600563 1.000000 0.717777 0.717777
79.826797 137.882996 68.688637 1.000000 0.713866 0.713866
79.699409 138.869110 68.795013 1.000000 0.729970 0.729970
79.593201 139.858246 68.894989 1.000000 0.732127 0.732127
79.538101 140.851425 68.992081 1.000000 0.723837 0.723837
79.552818 141.844238 69.103958 1.000000 0.716809 0.716809
79.634407 142.830231 69.244881 1.000000 0.707077 0.707077
79.759499 143.808228 69.411034 1.000000 0.698483 0.698483
79.897263 144.784561 69.577606 1.000000 0.680528 0.680528
80.050797 145.761215 69.726517 1.000000 0.629455 0.629455
80.253838 146.729126 69.870056 1.000000 0.558227 0.558227
80.521706 147.679306 70.025284 1.000000 0.511915 0.511915
80.846672 148.610153 70.189835 1.000000 0.512809 0.512809
81.218147 149.523041 70.357269 1.000000 0.553409 0.553409
81.632004 150.416245 70.531067 1.000000 0.621894 0.621894
82.086227 151.287689 70.714729 1.000000 0.693604 0.693604
82.571396 152.142899 70.896423 1.000000 0.742797 0.742797
83.064407 152.998398 71.053413 1.000000 0.761380 0.761380
83.533478 153.872955 71.172478 1.000000 0.756378 0.756378
83.961823 154.771591 71.263802 1.000000 0.746269 0.746269
84.367805 155.682251 71.339935 1.000000 0.732914 0.732914
84.794022 156.584457 71.400787 1.000000 0.715636 0.715636
85.258774 157.468140 71.453209 1.000000 0.710440 0.710440
85.744102 158.340591 71.510010 1.000000 0.729322 0.729322
86.233444 159.210678 71.569092 1.000000 0.763909 0.763909
86.735268 160.074081 71.618256 1.000000 0.803074 0.803074
87.277054 160.913483 71.631264 1.000000 0.837704 0.837704
87.873734 161.713531 71.587425 1.000000 0.859923 0.859923
88.506256 162.484299 71.511765 1.000000 0.874870 0.874870
89.138863 163.256607 71.462677 1.000000 0.877136 0.877136
89.751884 164.046310 71.461647 1.000000 0.882574 0.882574
90.350388 164.847305 71.469315 1.000000 0.895251 0.895251
89
89.910553 72.982399 74.781136 1.000000 0.895281 0.895281
90.769264 73.476204 74.871742 1.000000 0.879993 0.879993
91.547050 74.074883 75.050957 1.000000 0.864799 0.864799
92.227837 74.787086 75.198273 1.000000 0.849322 0.849322
92.821625 75.586891 75.267044 1.000000 0.822989 0.822989
93.368080 76.423767 75.271866 1.000000 0.813884 0.813884
93.866905 77.285995 75.204216 1.000000 0.806966 0.806966
94.285637 78.175629 75.036263 1.000000 0.780301 0.780301
94.574257 79.087318 74.743828 1.000000 0.743523 0.743523
94.825752 80.004944 74.438652 1.000000 0.717188 0.717188
95.019791 80.929169 74.110634 1.000000 0.705424 0.705424
95.194794 81.845146 73.750397 1.000000 0.700399 0.700399
95.380081 82.740082 73.345406 1.000000 0.694096 0.694096
95.558914 83.625313 72.916252 1.000000 0.693789 0.693789
95.683258 84.525139 72.500458 1.000000 0.698442 0.698442
95.715172 85.448517 72.122208 1.000000 0.693181 0.693181
95.644852 86.385452 71.783791 1.000000 0.672076 0.672076
95.485626 87.320053 71.467941 1.000000 0.680236 0.680236
95.265656 88.246216 71.162331 1.000000 0.733714 0.733714
95.005020 89.170288 70.884254 1.000000 0.779070 0.779070
94.698868 90.092567 70.650734 1.000000 0.790621 0.790621
94.325302 90.995811 70.444206 1.000000 0.776056 0.776056
93.873596 91.861877 70.235016 1.000000 0.753367 0.753367
93.363945 92.688812 70.000069 1.000000 0.740816 0.740816
92.828941 93.487564 69.725975 1.000000 0.739180 0.739180
92.290092 94.268074 69.409828 1.000000 0.749021 0.749021
91.750008 95.026100 69.045509 1.000000 0.767331 0.767331
91.207199 95.746819 68.616547 1.000000 0.785174 0.785174
90.676903 96.425385 68.110466 1.000000 0.793322 0.793322
90.179756 97.084892 67.547295 1.000000 0.789777 0.789777
89.720551 97.766289 66.978195 1.000000 0.790270 0.790270
89.301140 98.491867 66.433807 1.000000 0.801472 0.801472
88.939827 99.261635 65.909424 1.000000 0.822890 0.822890
88.652641 100.070938 65.399033 1.000000 0.835658 0.835658
88.419998 100.917236 64.921585 1.000000 0.838729 0.838729
88.190613 101.801849 64.519691 1.000000 0.829361 0.829361
87.931435 102.717201 64.215874 1.000000 0.809289 0.809289
87.658302 103.650635 63.984833 1.000000 0.793442 0.793442
87.389832 104.594925 63.795254 1.000000 0.773791 0.773791
87.120102 105.543205 63.628044 1.000000 0.743204 0.743204
86.844429 106.489815 63.461033 1.000000 0.707808 0.707808
86.571259 107.434555 63.280033 1.000000 0.669252 0.669252
86.307022 108.380081 63.089947 1.000000 0.635937 0.635937
86.048164 109.328484 62.907043 1.000000 0.625038 0.625038
85.788712 110.280853 62.747562 1.000000 0.652592 0.652592
85.530540 111.238701 62.623154 1.000000 0.691281 0.691281
85.287415 112.205025 62.543476 1.000000 0.714494 0.714494
85.068642 113.179909 62.523804 1.000000 0.707750 0.707750
84.861748 114.155769 62.580742 1.000000 0.676697 0.676697
84.642296 115.121941 62.711346 1.000000 0.636673 0.636673
84.399902 116.077240 62.880043 1.000000 0.609396 0.609396
84.141632 117.030365 63.036598 1.000000 0.599698 0.599698
83.873764 117.985031 63.166016 1.000000 0.594551 0.594551
83.598557 118.935951 63.305939 1.000000 0.623679 0.623679
83.327805 119.878372 63.499184 1.000000 0.680299 0.680299
83.083267 120.814270 63.750942 1.000000 0.746036 0.746036
82.876404 121.754333 64.021309 1.000000 0.793718 0.793718
82.690437 122.708687 64.252533 1.000000 0.802737 0.802737
82.510033 123.675835 64.430344 1.000000 0.803297 0.803297
82.332405 124.646820 64.590439 1.000000 0.828748 0.828748
82.120651 125.608307 64.762321 1.000000 0.856669 0.856669
81.828346 126.545311 64.947205 1.000000 0.852675 0.852675
81.464790 127.456299 65.139900 1.000000 0.825731 0.825731
81.051147 128.346069 65.330826 1.000000 0.812705 0.812705
80.580772 129.211945 65.496483 1.000000 0.826420 0.826420
80.071182 130.063126 65.620155 1.000000 0.844205 0.844205
79.602295 130.940186 65.708115 1.000000 0.845486 0.845486
79.230576 131.865173 65.758278 1.000000 0.823267 0.823267
78.932480 132.818985 65.758224 1.000000 0.799543 0.799543
78.676239 133.784302 65.715202 1.000000 0.777188 0.777188
78.458603 134.758057 65.652107 1.000000 0.754514 0.754514
78.293320 135.741928 65.592041 1.000000 0.723382 0.723382
78.198570 136.735779 65.551483 1.000000 0.687841 0.687841
78.169449 137.734833 65.539856 1.000000 0.669015 0.669015
78.186958 138.734329 65.554337 1.000000 0.661159 0.661159
78.247536 139.731567 65.589645 1.000000 0.650480 0.650480
78.350212 140.723495 65.658531 1.000000 0.640908 0.640908
78.486031 141.705887 65.782089 1.000000 0.648807 0.648807
78.664078 142.672607 65.961884 1.000000 0.672127 0.672127
78.915779 143.614075 66.180939 1.000000 0.692266 0.692266
79.256516 144.521744 66.421867 1.000000 0.707214 0.707214
79.661026 145.398804 66.679871 1.000000 0.713633 0.713633
80.089661 146.257248 66.961151 1.000000 0.703893 0.703893
80.524704 147.105133 67.264015 1.000000 0.699649 0.699649
80.974808 147.942825 67.573051 1.000000 0.722727 0.722727
81.453941 148.767410 67.873299 1.000000 0.774724 0.774724
81.978363 149.565521 68.168129 1.000000 0.831912 0.831912
82.559998 150.323776 68.460938 1.000000 0.873635 0.873635
83.180656 151.065857 68.711143 1.000000 0.899645 0.899645
55
94.493683 76.186340 75.499634 1.000000 0.894135 0.894135
94.820129 77.122070 75.381531 1.000000 0.856284 0.856284
95.093399 78.057632 75.163078 1.000000 0.792338 0.792338
95.333458 78.986786 74.882767 1.000000 0.731444 0.731444
95.541885 79.918739 74.586555 1.000000 0.694886 0.694886
95.726059 80.854309 74.285385 1.000000 0.678505 0.678505
95.914116 81.781235 73.961433 1.000000 0.672605 0.672605
96.127563 82.690125 73.603897 1.000000 0.673726 0.673726
96.340775 83.592308 73.229202 1.000000 0.676729 0.676729
96.500328 84.508598 72.864243 1.000000 0.673183 0.673183
96.578423 85.443634 72.521019 1.000000 0.657301 0.657301
96.586220 86.386894 72.190376 1.000000 0.644917 0.644917
96.542709 87.328377 71.856987 1.000000 0.631663 0.631663
96.452362 88.262688 71.513252 1.000000 0.639334 0.639334
96.306618 89.185684 71.158691 1.000000 0.687483 0.687483
96.065239 90.072304 70.764168 1.000000 0.751862 0.751862
95.774940 90.929482 70.343437 1.000000 0.780302 0.780302
95.374565 91.727982 69.898827 1.000000 0.772579 0.772579
94.875359 92.491371 69.492195 1.000000 0.753190 0.753190
94.319946 93.247047 69.146416 1.000000 0.734938 0.734938
93.748756 94.002502 68.825439 1.000000 0.722317 0.722317
93.192406 94.762283 68.489594 1.000000 0.723756 0.723756
92.664444 95.524811 68.116669 1.000000 0.737110 0.737110
92.159706 96.272934 67.687592 1.000000 0.748018 0.748018
91.676460 96.986694 67.183113 1.000000 0.744175 0.744175
91.218521 97.669052 66.614120 1.000000 0.730101 0.730101
90.781372 98.347038 66.023254 1.000000 0.739373 0.739373
90.368210 99.051064 65.446335 1.000000 0.772760 0.772760
90.009888 99.799187 64.889748 1.000000 0.805111 0.805111
89.732323 100.592957 64.350632 1.000000 0.820523 0.820523
89.507324 101.427597 63.849236 1.000000 0.821261 0.821261
89.271255 102.299805 63.425125 1.000000 0.795333 0.795333
88.993538 103.200684 63.095581 1.000000 0.753204 0.753204
88.695930 104.117325 62.829556 1.000000 0.729600 0.729600
88.396576 105.040924 62.590221 1.000000 0.718860 0.718860
88.087784 105.963730 62.359970 1.000000 0.706199 0.706199
87.768990 106.881912 62.124901 1.000000 0.692003 0.692003
87.454758 107.798660 61.878422 1.000000 0.683558 0.683558
87.154724 108.719734 61.630402 1.000000 0.676887 0.676887
86.863274 109.647377 61.397133 1.000000 0.675735 0.675735
86.563141 110.578789 61.192181 1.000000 0.690266 0.690266
86.238968 111.510841 61.033676 1.000000 0.705790 0.705790
85.893341 112.443764 60.939156 1.000000 0.715907 0.715907
85.548279 113.381340 60.914764 1.000000 0.715683 0.715683
85.227989 114.326286 60.966145 1.000000 0.692973 0.692973
84.938698 115.274040 61.094833 1.000000 0.650869 0.650869
84.671280 116.220070 61.276917 1.000000 0.614576 0.614576
84.418419 117.168373 61.468472 1.000000 0.613006 0.613006
84.170197 118.120956 61.644196 1.000000 0.641562 0.641562
83.909233 119.069244 61.823963 1.000000 0.685411 0.685411
83.625481 120.001732 62.045002 1.000000 0.732203 0.732203
83.327080 120.916718 62.315594 1.000000 0.787500 0.787500
83.033539 121.829491 62.599377 1.000000 0.833351 0.833351
82.756516 122.759018 62.839638 1.000000 0.855861 0.855861
82.507530 123.709732 63.021782 1.000000 0.875543 0.875543
