40
33
113.477936 122.941101 95.400642 1.000000 0.855827 0.855827
113.414703 123.900490 95.098755 1.000000 0.808962 0.808962
113.292252 124.860695 94.818390 1.000000 0.768307 0.768307
113.117943 125.818245 94.556404 1.000000 0.735267 0.735267
112.898071 126.770920 94.312004 1.000000 0.704308 0.704308
112.622253 127.717819 94.108757 1.000000 0.668444 0.668444
112.280014 128.655869 93.986237 1.000000 0.635577 0.635577
111.888931 129.582870 93.963844 1.000000 0.625373 0.625373
111.493286 130.507965 94.014221 1.000000 0.619321 0.619321
111.138336 131.447723 94.090233 1.000000 0.617895 0.617895
110.825157 132.403595 94.156517 1.000000 0.648722 0.648722
110.511589 133.360825 94.170532 1.000000 0.707966 0.707966
110.198624 134.314316 94.091492 1.000000 0.751208 0.751208
109.939270 135.271973 93.921082 1.000000 0.765378 0.765378
109.723282 136.232559 93.703987 1.000000 0.774935 0.774935
109.476173 137.185211 93.489220 1.000000 0.777212 0.777212
109.168129 138.127045 93.307610 1.000000 0.755442 0.755442
108.832466 139.066986 93.168625 1.000000 0.745561 0.745561
108.487579 140.009781 93.083870 1.000000 0.750918 0.750918
108.125954 140.949905 93.057724 1.000000 0.757515 0.757515
107.763092 141.890213 93.062073 1.000000 0.770500 0.770500
107.433670 142.842667 93.063751 1.000000 0.803025 0.803025
107.134705 143.805603 93.057121 1.000000 0.829441 0.829441
106.808029 144.758713 93.046608 1.000000 0.815257 0.815257
106.418404 145.685944 93.005264 1.000000 0.781677 0.781677
105.959831 146.575134 92.902557 1.000000 0.735741 0.735741
105.445244 147.429749 92.769676 1.000000 0.672846 0.672846
104.945427 148.300446 92.693398 1.000000 0.635579 0.635579
104.479950 149.191025 92.647369 1.000000 0.670945 0.670945
104.106102 150.124908 92.649483 1.000000 0.748216 0.748216
103.844124 151.094986 92.701920 1.000000 0.804165 0.804165
103.676765 152.075897 92.845894 1.000000 0.846551 0.846551
103.570641 153.037033 93.118996 1.000000 0.879412 0.879412
32
114.390663 123.374794 95.990715 1.000000 0.898917 0.898917
114.259338 124.275017 95.561783 1.000000 0.861584 0.861584
114.114288 125.204742 95.201607 1.000000 0.824868 0.824868
113.953072 126.136543 94.853470 1.000000 0.797040 0.797040
113.755371 127.058861 94.500046 1.000000 0.780066 0.780066
113.488510 127.974922 94.182167 1.000000 0.760442 0.760442
113.139679 128.891281 93.962547 1.000000 0.729727 0.729727
112.740997 129.809647 93.871780 1.000000 0.708682 0.708682
112.340294 130.732681 93.894623 1.000000 0.700728 0.700728
111.981514 131.670105 93.978882 1.000000 0.700195 0.700195
111.681114 132.628387 94.062057 1.000000 0.707160 0.707160
111.418373 133.600769 94.091476 1.000000 0.746124 0.746124
111.193573 134.581055 94.037125 1.000000 0.790453 0.790453
111.064377 135.569839 93.906174 1.000000 0.808569 0.808569
111.056801 136.563385 93.740379 1.000000 0.812272 0.812272
111.089523 137.559067 93.582436 1.000000 0.820285 0.820285
111.043289 138.554947 93.442955 1.000000 0.827104 0.827104
110.887970 139.541031 93.304810 1.000000 0.820192 0.820192
110.689735 140.519608 93.162216 1.000000 0.818374 0.818374
110.497665 141.501678 93.037102 1.000000 0.821939 0.821939
110.273277 142.480560 92.957047 1.000000 0.814398 0.814398
109.950493 143.432220 92.913101 1.000000 0.803261 0.803261
109.501450 144.327499 92.847191 1.000000 0.824307 0.824307
108.918526 145.133957 92.728699 1.000000 0.844162 0.844162
108.258667 145.878067 92.584244 1.000000 0.843088 0.843088
107.613106 146.627289 92.408104 1.000000 0.824155 0.824155
106.995399 147.383255 92.170563 1.000000 0.777316 0.777316
106.387550 148.142624 91.917152 1.000000 0.701997 0.701997
105.811790 148.939362 91.710266 1.000000 0.657392 0.657392
105.318985 149.799973 91.550171 1.000000 0.694488 0.694488
105.023895 150.742493 91.348663 1.000000 0.759458 0.759458
104.802315 151.698151 91.129166 1.000000 0.834715 0.834715
13
104.757790 150.622772 82.562149 1.000000 0.872114 0.872114
104.831390 151.161682 83.400803 1.000000 0.853170 0.853170
105.009689 151.586700 84.286514 1.000000 0.841979 0.841979
105.224106 151.772171 85.245804 1.000000 0.832703 0.832703
105.435143 151.858658 86.214508 1.000000 0.812817 0.812817
105.644791 151.753479 87.181458 1.000000 0.795177 0.795177
105.877213 151.458588 88.103027 1.000000 0.783822 0.783822
106.166039 150.975952 88.923302 1.000000 0.758799 0.758799
106.532265 150.347931 89.608299 1.000000 0.716103 0.716103
106.967773 149.657532 90.191536 1.000000 0.724722 0.724722
107.437363 148.962067 90.743401 1.000000 0.789015 0.789015
107.910561 148.271072 91.297737 1.000000 0.849742 0.849742
108.413353 147.578049 91.820923 1.000000 0.888163 0.888163
19
106.767807 139.662033 96.639725 1.000000 0.894111 0.894111
106.508545 140.589172 96.349945 1.000000 0.853524 0.853524
106.377144 141.543243 96.060982 1.000000 0.831054 0.831054
106.343933 142.522919 95.828613 1.000000 0.828357 0.828357
106.367081 143.516281 95.658409 1.000000 0.838882 0.838882
106.430092 144.515396 95.535545 1.000000 0.857462 0.857462
106.472984 145.516998 95.429741 1.000000 0.881449 0.881449
106.358833 146.499695 95.287560 1.000000 0.880647 0.880647
106.023247 147.425156 95.094612 1.000000 0.822888 0.822888
105.580917 148.312912 94.923485 1.000000 0.749524 0.749524
105.156181 149.216980 94.798981 1.000000 0.712451 0.712451
104.821159 150.159973 94.693047 1.000000 0.709785 0.709785
104.599388 151.138702 94.613441 1.000000 0.721186 0.721186
104.499512 152.139435 94.610985 1.000000 0.744113 0.744113
104.551361 153.135880 94.719467 1.000000 0.764266 0.764266
104.792366 154.090149 94.908569 1.000000 0.798962 0.798962
105.339386 154.916016 95.085091 1.000000 0.815299 0.815299
105.965462 155.681122 95.236366 1.000000 0.817718 0.817718
106.729858 156.318680 95.323853 1.000000 0.851807 0.851807
16
107.812080 146.814392 93.984818 1.000000 0.884834 0.884834
107.288216 147.612915 93.671028 1.000000 0.843149 0.843149
106.765755 148.407898 93.345253 1.000000 0.774964 0.774964
106.266129 149.236481 93.073189 1.000000 0.698855 0.698855
105.847221 150.121628 92.846527 1.000000 0.656422 0.656422
105.545639 151.056549 92.630745 1.000000 0.656349 0.656349
105.371277 152.027756 92.433998 1.000000 0.711995 0.711995
105.347084 153.024231 92.319435 1.000000 0.798735 0.798735
105.630684 153.982605 92.452278 1.000000 0.836627 0.836627
106.027611 154.889496 92.591568 1.000000 0.825470 0.825470
106.635361 155.671402 92.719528 1.000000 0.788573 0.788573
107.401512 156.308975 92.787651 1.000000 0.803906 0.803906
108.245537 156.833405 92.712761 1.000000 0.847344 0.847344
109.072075 157.310349 92.429024 1.000000 0.859212 0.859212
109.834412 157.787872 91.991982 1.000000 0.865814 0.865814
110.532738 158.282394 91.472000 1.000000 0.886081 0.886081
39
114.255150 126.104118 96.041466 1.000000 0.899092 0.899092
114.055130 126.968742 95.566719 1.000000 0.867736 0.867736
113.791275 127.839493 95.140602 1.000000 0.839028 0.839028
113.444733 128.731400 94.841820 1.000000 0.799196 0.799196
113.044220 129.642395 94.708969 1.000000 0.759024 0.759024
112.638809 130.562943 94.715996 1.000000 0.745487 0.745487
112.267761 131.494080 94.812164 1.000000 0.756834 0.756834
111.951485 132.442902 94.934677 1.000000 0.771351 0.771351
111.674759 133.408279 95.015228 1.000000 0.775769 0.775769
111.429756 134.384933 95.005920 1.000000 0.804512 0.804512
111.268707 135.372269 94.902908 1.000000 0.825001 0.825001
111.238808 136.365997 94.745773 1.000000 0.824649 0.824649
111.280396 137.360992 94.584480 1.000000 0.829813 0.829813
111.273521 138.357727 94.438614 1.000000 0.838388 0.838388
111.157196 139.348740 94.300743 1.000000 0.829043 0.829043
110.985756 140.333267 94.163696 1.000000 0.819020 0.819020
110.832443 141.322311 94.039604 1.000000 0.807419 0.807419
110.684517 142.315796 93.948761 1.000000 0.785912 0.785912
110.481430 143.301346 93.894508 1.000000 0.770780 0.770780
110.185944 144.262054 93.838982 1.000000 0.809731 0.809731
109.766876 145.163864 93.717278 1.000000 0.868558 0.868558
109.202850 145.961884 93.502594 1.000000 0.885284 0.885284
108.564674 146.686188 93.225281 1.000000 0.884607 0.884607
107.964447 147.407181 92.871140 1.000000 0.868790 0.868790
107.414284 148.135208 92.450989 1.000000 0.829461 0.829461
106.884056 148.884567 92.042892 1.000000 0.765586 0.765586
106.394142 149.685104 91.684967 1.000000 0.698061 0.698061
105.997673 150.542603 91.343384 1.000000 0.679714 0.679714
105.720673 151.430634 90.963860 1.000000 0.726461 0.726461
105.562225 152.310425 90.507149 1.000000 0.810809 0.810809
105.524506 153.115463 89.920723 1.000000 0.870582 0.870582
105.579773 153.754364 89.160583 1.000000 0.866092 0.866092
105.678261 154.198486 88.268074 1.000000 0.838901 0.838901
105.802200 154.629211 87.372749 1.000000 0.824928 0.824928
105.996468 155.058731 86.490280 1.000000 0.816771 0.816771
106.282516 155.528488 85.654884 1.000000 0.803961 0.803961
106.627914 156.065063 84.883186 1.000000 0.803411 0.803411
106.986809 156.677200 84.175278 1.000000 0.819246 0.819246
107.346420 157.346298 83.519356 1.000000 0.853126 0.853126
19
108.469009 126.847755 91.664131 1.000000 0.898961 0.898961
109.342300 126.540649 91.283844 1.000000 0.846401 0.846401
110.229385 126.191208 90.984970 1.000000 0.805951 0.805951
111.108223 125.743790 90.836716 1.000000 0.787471 0.787471
111.922829 125.171089 90.864540 1.000000 0.787736 0.787736
112.644287 124.488617 91.000885 1.000000 0.821411 0.821411
113.212585 123.685135 91.146088 1.000000 0.875479 0.875479
113.523659 122.754654 91.285553 1.000000 0.853101 0.853101
113.652802 121.762970 91.415337 1.000000 0.782377 0.782377
113.806908 120.770920 91.498161 1.000000 0.725315 0.725315
114.078323 119.803177 91.526642 1.000000 0.672871 0.672871
114.473495 118.878082 91.548447 1.000000 0.640736 0.640736
114.914818 117.976662 91.626114 1.000000 0.692292 0.692292
115.312630 117.063980 91.771492 1.000000 0.777175 0.777175
115.613213 116.122528 91.960831 1.000000 0.828463 0.828463
115.781433 115.150993 92.157768 1.000000 0.832684 0.832684
115.833778 114.158043 92.321838 1.000000 0.830411 0.830411
115.823189 113.157730 92.450867 1.000000 0.848364 0.848364
115.790016 112.157600 92.579369 1.000000 0.887047 0.887047
30
112.722527 123.238800 95.805206 1.000000 0.892731 0.892731
112.629921 124.191437 95.491661 1.000000 0.854574 0.854574
112.476929 125.152481 95.230507 1.000000 0.817720 0.817720
112.275360 126.115562 95.011948 1.000000 0.782406 0.782406
112.034180 127.079216 94.842888 1.000000 0.739648 0.739648
111.745644 128.039383 94.752464 1.000000 0.710784 0.710784
111.402374 128.985809 94.752327 1.000000 0.704430 0.704430
111.029846 129.920303 94.811134 1.000000 0.694901 0.694901
110.673744 130.859863 94.888397 1.000000 0.688292 0.688292
110.338440 131.807526 94.963791 1.000000 0.712632 0.712632
109.970390 132.743652 95.006104 1.000000 0.763028 0.763028
109.547424 133.654510 94.957596 1.000000 0.794431 0.794431
109.138741 134.561218 94.807426 1.000000 0.797128 0.797128
108.789337 135.484283 94.606186 1.000000 0.786932 0.786932
108.422188 136.399918 94.401299 1.000000 0.767980 0.767980
108.038582 137.309814 94.202446 1.000000 0.736858 0.736858
107.636940 138.213028 94.008438 1.000000 0.702468 0.702468
107.239090 139.117371 93.811775 1.000000 0.690302 0.690302
106.855713 140.029633 93.623009 1.000000 0.708050 0.708050
106.506958 140.960770 93.461700 1.000000 0.749729 0.749729
106.204353 141.915085 93.348587 1.000000 0.796194 0.796194
105.911499 142.877823 93.299438 1.000000 0.829267 0.829267
105.562439 143.821716 93.309143 1.000000 0.827128 0.827128
105.129044 144.729904 93.336227 1.000000 0.817165 0.817165
104.616051 145.595108 93.344368 1.000000 0.805326 0.805326
104.030006 146.411911 93.356812 1.000000 0.779782 0.779782
103.389519 147.181335 93.431564 1.000000 0.775397 0.775397
102.707611 147.889923 93.620911 1.000000 0.792293 0.792293
101.997856 148.532440 93.918159 1.000000 0.813908 0.813908
101.285873 149.142914 94.274452 1.000000 0.865603 0.865603
38
112.879646 127.182472 96.120872 1.000000 0.895524 0.895524
112.562996 128.115143 95.925438 1.000000 0.856109 0.856109
112.179008 129.042236 95.862106 1.000000 0.809711 0.809711
111.767227 129.961273 95.884438 1.000000 0.784482 0.784482
111.368416 130.884323 95.946617 1.000000 0.779493 0.779493
110.995476 131.815720 96.039963 1.000000 0.796091 0.796091
110.604034 132.738876 96.133064 1.000000 0.840882 0.840882
110.129623 133.620331 96.123039 1.000000 0.870608 0.870608
109.626335 134.475204 95.963982 1.000000 0.869140 0.869140
109.222343 135.368088 95.746803 1.000000 0.861341 0.861341
108.905212 136.297684 95.521667 1.000000 0.847481 0.847481
108.586227 137.227890 95.302292 1.000000 0.825379 0.825379
108.255569 138.157333 95.096626 1.000000 0.790892 0.790892
107.965942 139.107910 94.926949 1.000000 0.760057 0.760057
107.692604 140.065399 94.770180 1.000000 0.738097 0.738097
107.462151 141.037491 94.635101 1.000000 0.737240 0.737240
107.290695 142.023407 94.513016 1.000000 0.750038 0.750038
107.188232 143.019730 94.397118 1.000000 0.770123 0.770123
107.132271 144.021423 94.290611 1.000000 0.799396 0.799396
107.041023 145.020767 94.197304 1.000000 0.826982 0.826982
106.826576 145.995239 94.080383 1.000000 0.827092 0.827092
106.470703 146.916412 93.898224 1.000000 0.786650 0.786650
106.019524 147.790176 93.684959 1.000000 0.712554 0.712554
105.548080 148.660294 93.501976 1.000000 0.648575 0.648575
105.131111 149.564651 93.358948 1.000000 0.630771 0.630771
104.817108 150.512192 93.233429 1.000000 0.658468 0.658468
104.621170 151.494293 93.132660 1.000000 0.696970 0.696970
104.544029 152.496780 93.100250 1.000000 0.755502 0.755502
104.601265 153.497498 93.170296 1.000000 0.819618 0.819618
104.836868 154.462448 93.309601 1.000000 0.866434 0.866434
105.289162 155.345718 93.418434 1.000000 0.853083 0.853083
105.917145 156.123489 93.479103 1.000000 0.801010 0.801010
106.657600 156.797470 93.513016 1.000000 0.798566 0.798566
107.457214 157.394211 93.451591 1.000000 0.828787 0.828787
108.244209 157.962402 93.220024 1.000000 0.827743 0.827743
108.972237 158.536530 92.843544 1.000000 0.817121 0.817121
109.635292 159.131104 92.383896 1.000000 0.827863 0.827863
110.243141 159.749481 91.879761 1.000000 0.868088 0.868088
41
114.444160 126.179253 95.686752 1.000000 0.877866 0.877866
114.246620 127.039024 95.202179 1.000000 0.851391 0.851391
113.991234 127.902832 94.756973 1.000000 0.831595 0.831595
113.653145 128.788666 94.431122 1.000000 0.801993 0.801993
113.258247 129.697205 94.270271 1.000000 0.769755 0.769755
112.855347 130.618179 94.261665 1.000000 0.756964 0.756964
112.483185 131.549011 94.355804 1.000000 0.765829 0.765829
112.164864 132.497269 94.476967 1.000000 0.779703 0.779703
111.896713 133.465469 94.549713 1.000000 0.785807 0.785807
111.677727 134.448547 94.536644 1.000000 0.809282 0.809282
111.554962 135.443069 94.448151 1.000000 0.824146 0.824146
111.560638 136.442123 94.321251 1.000000 0.818894 0.818894
111.618843 137.440994 94.191895 1.000000 0.817618 0.817618
111.606842 138.440216 94.067009 1.000000 0.818186 0.818186
111.474625 139.430099 93.937187 1.000000 0.805687 0.805687
111.279953 140.409927 93.798248 1.000000 0.795999 0.795999
111.097679 141.393143 93.667854 1.000000 0.787579 0.787579
110.920906 142.381638 93.576042 1.000000 0.774610 0.774610
110.695229 143.362640 93.527809 1.000000 0.771070 0.771070
110.392601 144.321640 93.474106 1.000000 0.810274 0.810274
109.992058 145.229782 93.334427 1.000000 0.871824 0.871824
109.461273 146.034851 93.075203 1.000000 0.893288 0.893288
108.831093 146.745102 92.748817 1.000000 0.892375 0.892375
108.225281 147.440948 92.357231 1.000000 0.881103 0.881103
107.712364 148.143967 91.855522 1.000000 0.848625 0.848625
107.201912 148.855621 91.363548 1.000000 0.789988 0.789988
106.711975 149.596710 90.894630 1.000000 0.724503 0.724503
106.286407 150.374268 90.422462 1.000000 0.711715 0.711715
105.961037 151.148605 89.875145 1.000000 0.756380 0.756380
105.735886 151.838577 89.189461 1.000000 0.795732 0.795732
105.592758 152.374786 88.361702 1.000000 0.803391 0.803391
105.495697 152.754456 87.443520 1.000000 0.806249 0.806249
105.406685 152.992966 86.478355 1.000000 0.831646 0.831646
105.279205 153.054947 85.493744 1.000000 0.870245 0.870245
105.028069 152.865204 84.557480 1.000000 0.862488 0.862488
104.682510 152.472443 83.707626 1.000000 0.828143 0.828143
104.361221 151.970688 82.903488 1.000000 0.814382 0.814382
104.114876 151.403503 82.115280 1.000000 0.801067 0.801067
103.926239 150.802979 81.334290 1.000000 0.790952 0.790952
103.751274 150.196121 80.554741 1.000000 0.797971 0.797971
103.562263 149.600052 79.770378 1.000000 0.832392 0.832392
20
112.256737 122.533623 95.467003 1.000000 0.879088 0.879088
112.183052 123.512077 95.234451 1.000000 0.849792 0.849792
112.060425 124.486084 95.005791 1.000000 0.813602 0.813602
111.880119 125.455727 94.797775 1.000000 0.772019 0.772019
111.659950 126.425247 94.631775 1.000000 0.731810 0.731810
111.398506 127.397896 94.580353 1.000000 0.700457 0.700457
111.109741 128.362488 94.574989 1.000000 0.702268 0.702268
110.777664 129.311340 94.643021 1.000000 0.713099 0.713099
110.438835 130.256149 94.735512 1.000000 0.706547 0.706547
110.118919 131.208206 94.821793 1.000000 0.713818 0.713818
109.777534 132.153702 94.888054 1.000000 0.750312 0.750312
109.359886 133.067795 94.888016 1.000000 0.789677 0.789677
108.901222 133.957306 94.787209 1.000000 0.797261 0.797261
108.468910 134.851883 94.623711 1.000000 0.789992 0.789992
108.047798 135.750870 94.453819 1.000000 0.779774 0.779774
107.591324 136.636597 94.310486 1.000000 0.787732 0.787732
107.102905 137.508072 94.185326 1.000000 0.788090 0.788090
106.602188 138.368240 94.036133 1.000000 0.787594 0.787594
106.095299 139.215759 93.843018 1.000000 0.812457 0.812457
105.592903 140.059937 93.624336 1.000000 0.867505 0.867505
17
113.543800 128.621429 95.782066 1.000000 0.873935 0.873935
113.123215 129.517059 95.629875 1.000000 0.822970 0.822970
112.704506 130.431137 95.647095 1.000000 0.800049 0.800049
112.320229 131.353821 95.765625 1.000000 0.815345 0.815345
111.988701 132.286942 95.948631 1.000000 0.844812 0.844812
111.690567 133.229187 96.146400 1.000000 0.874087 0.874087
111.392273 134.180984 96.256271 1.000000 0.892392 0.892392
111.129974 135.147079 96.187386 1.000000 0.888442 0.888442
111.000320 136.125443 96.001053 1.000000 0.881842 0.881842
110.988579 137.110550 95.786888 1.000000 0.888635 0.888635
110.976364 138.098740 95.588158 1.000000 0.897567 0.897567
110.821487 139.084259 95.439087 1.000000 0.893225 0.893225
110.666908 140.072006 95.305756 1.000000 0.883574 0.883574
110.538017 141.066727 95.201485 1.000000 0.870666 0.870666
110.432236 142.066757 95.119957 1.000000 0.848598 0.848598
110.287277 143.062592 95.059959 1.000000 0.827964 0.827964
110.047478 144.038956 95.006416 1.000000 0.852523 0.852523
11
112.371063 134.362808 95.476418 1.000000 0.890502 0.890502
112.215767 135.357681 95.473717 1.000000 0.869597 0.869597
112.171005 136.362610 95.420204 1.000000 0.871569 0.871569
112.193848 137.368622 95.346321 1.000000 0.879513 0.879513
112.180931 138.372589 95.257065 1.000000 0.875427 0.875427
112.063087 139.367355 95.154785 1.000000 0.852111 0.852111
111.866875 140.350662 95.046547 1.000000 0.835168 0.835168
111.674316 141.335800 94.950279 1.000000 0.829699 0.829699
111.506638 142.330154 94.919365 1.000000 0.822555 0.822555
111.321815 143.321472 94.909103 1.000000 0.808697 0.808697
111.110550 144.307739 94.915825 1.000000 0.834180 0.834180
10
113.173927 137.275391 93.147018 1.000000 0.874789 0.874789
113.151222 138.280411 93.066566 1.000000 0.844250 0.844250
113.044418 139.277634 92.971985 1.000000 0.825522 0.825522
112.820740 140.254715 92.881973 1.000000 0.812302 0.812302
112.502602 141.208160 92.810493 1.000000 0.804376 0.804376
112.156502 142.153946 92.780128 1.000000 0.811167 0.811167
111.810791 143.100296 92.803360 1.000000 0.819659 0.819659
111.478996 144.051682 92.821640 1.000000 0.837115 0.837115
111.258629 145.014862 92.620636 1.000000 0.874487 0.874487
111.101868 145.954727 92.316147 1.000000 0.893063 0.893063
12
113.682747 109.665642 89.960922 1.000000 0.899082 0.899082
113.562202 108.686371 90.167015 1.000000 0.863851 0.863851
113.463379 107.692871 90.307159 1.000000 0.853249 0.853249
113.419022 106.689293 90.385956 1.000000 0.846392 0.846392
113.450508 105.682037 90.401711 1.000000 0.830162 0.830162
113.528618 104.677277 90.359337 1.000000 0.818115 0.818115
113.609978 103.675949 90.268593 1.000000 0.809594 0.809594
113.680809 102.678711 90.134621 1.000000 0.813122 0.813122
113.765930 101.687103 89.971107 1.000000 0.823666 0.823666
113.898384 100.701118 89.807251 1.000000 0.840318 0.840318
114.099693 99.720032 89.687744 1.000000 0.862960 0.862960
114.301224 98.738113 89.575874 1.000000 0.881753 0.881753
12
114.035858 107.745087 92.705910 1.000000 0.892216 0.892216
114.081024 108.749275 92.618515 1.000000 0.867289 0.867289
114.107162 109.752380 92.514999 1.000000 0.867749 0.867749
114.104843 110.754677 92.399261 1.000000 0.883912 0.883912
114.170090 111.752541 92.265434 1.000000 0.895442 0.895442
114.278824 112.745094 92.128258 1.000000 0.887698 0.887698
114.408813 113.733849 91.977959 1.000000 0.868764 0.868764
114.447670 114.725143 91.810257 1.000000 0.856631 0.856631
114.306458 115.704063 91.645821 1.000000 0.841826 0.841826
113.981613 116.646576 91.527321 1.000000 0.818516 0.818516
113.503532 117.526413 91.502823 1.000000 0.829940 0.829940
112.892143 118.312332 91.602493 1.000000 0.893209 0.893209
10
116.330803 113.918907 93.185532 1.000000 0.888167 0.888167
116.290436 114.917000 93.050079 1.000000 0.887863 0.887863
116.200523 115.896667 92.834137 1.000000 0.884402 0.884402
116.016815 116.848320 92.563911 1.000000 0.854283 0.854283
115.727013 117.777222 92.307289 1.000000 0.794089 0.794089
115.371216 118.698456 92.111305 1.000000 0.722000 0.722000
115.018646 119.632774 91.980331 1.000000 0.700623 0.700623
114.758301 120.598137 91.868568 1.000000 0.736164 0.736164
114.675880 121.584480 91.674065 1.000000 0.780355 0.780355
114.598526 122.569077 91.469353 1.000000 0.843938 0.843938
18
114.953598 118.844276 95.277596 1.000000 0.884860 0.884860
114.710258 119.815544 95.172157 1.000000 0.890410 0.890410
114.591400 120.804787 95.037117 1.000000 0.884941 0.884941
114.565636 121.784889 94.806717 1.000000 0.852047 0.852047
114.542633 122.751053 94.519768 1.000000 0.811355 0.811355
114.433411 123.715240 94.245644 1.000000 0.768791 0.768791
114.301147 124.673782 93.963493 1.000000 0.729197 0.729197
114.136780 125.620270 93.658752 1.000000 0.713438 0.713438
113.953094 126.555649 93.331779 1.000000 0.733191 0.733191
113.728935 127.484184 93.012436 1.000000 0.756940 0.756940
113.430176 128.406662 92.743767 1.000000 0.761077 0.761077
113.054688 129.321503 92.559326 1.000000 0.755817 0.755817
112.631935 130.230911 92.485565 1.000000 0.750171 0.750171
112.210983 131.144852 92.514488 1.000000 0.732817 0.732817
111.839439 132.078461 92.584030 1.000000 0.716094 0.716094
111.521004 133.033173 92.636787 1.000000 0.744342 0.744342
111.229004 133.997665 92.637566 1.000000 0.812677 0.812677
110.972237 134.968277 92.560059 1.000000 0.869913 0.869913
20
114.563316 126.857704 95.573486 1.000000 0.880073 0.880073
114.287300 127.683075 95.068657 1.000000 0.861727 0.861727
113.968590 128.531311 94.639969 1.000000 0.840603 0.840603
113.581482 129.421707 94.390167 1.000000 0.806106 0.806106
113.174171 130.337112 94.322311 1.000000 0.780966 0.780966
112.786308 131.262848 94.392586 1.000000 0.783821 0.783821
112.443588 132.200150 94.530014 1.000000 0.803424 0.803424
112.153740 133.157837 94.644493 1.000000 0.813498 0.813498
111.915253 134.135880 94.673714 1.000000 0.814428 0.814428
111.758301 135.128754 94.619087 1.000000 0.829421 0.829421
111.728661 136.129395 94.515205 1.000000 0.827735 0.827735
111.781639 137.130203 94.399460 1.000000 0.823368 0.823368
111.800659 138.131119 94.282440 1.000000 0.822915 0.822915
111.704765 139.125595 94.160553 1.000000 0.809665 0.809665
111.516815 140.107468 94.029007 1.000000 0.796300 0.796300
111.322594 141.088303 93.897652 1.000000 0.788475 0.788475
111.146652 142.076111 93.796326 1.000000 0.776305 0.776305
110.947510 143.062881 93.742615 1.000000 0.766625 0.766625
110.692879 144.037491 93.705482 1.000000 0.789524 0.789524
110.379593 144.988419 93.605843 1.000000 0.857160 0.857160
10
122.218903 106.343353 90.018097 1.000000 0.879971 0.879971
122.360603 105.352615 89.896652 1.000000 0.845690 0.845690
122.543373 104.378090 89.716835 1.000000 0.824041 0.824041
122.764946 103.422272 89.486450 1.000000 0.816496 0.816496
122.994720 102.475220 89.228783 1.000000 0.813731 0.813731
123.204300 101.521889 88.977409 1.000000 0.811242 0.811242
123.383263 100.553650 88.761826 1.000000 0.809539 0.809539
123.508179 99.563904 88.612152 1.000000 0.825660 0.825660
123.604141 98.572678 88.453949 1.000000 0.853785 0.853785
123.638283 97.584930 88.257263 1.000000 0.882682 0.882682
18
122.098091 118.479012 92.681320 1.000000 0.868609 0.868609
122.046082 117.483116 92.830544 1.000000 0.840137 0.840137
121.962875 116.483032 92.929771 1.000000 0.833284 0.833284
121.896095 115.477638 92.967186 1.000000 0.833528 0.833528
121.883713 114.469124 92.968903 1.000000 0.814203 0.814203
121.916100 113.460670 92.975380 1.000000 0.809412 0.809412
121.959694 112.452805 92.998154 1.000000 0.830185 0.830185
122.007080 111.445633 93.037155 1.000000 0.855382 0.855382
122.091789 110.441635 93.080879 1.000000 0.865031 0.865031
122.245033 109.445709 93.091667 1.000000 0.859592 0.859592
122.439659 108.458458 93.033264 1.000000 0.853254 0.853254
122.625282 107.474335 92.915260 1.000000 0.856949 0.856949
122.794853 106.491432 92.765663 1.000000 0.872822 0.872822
122.987968 105.519348 92.582985 1.000000 0.887719 0.887719
123.239845 104.571686 92.353287 1.000000 0.889254 0.889254
123.532181 103.646652 92.080750 1.000000 0.883246 0.883246
123.822960 102.718102 91.818687 1.000000 0.880920 0.880920
124.116760 101.782219 91.588150 1.000000 0.895796 0.895796
26
124.027786 125.284317 91.524300 1.000000 0.891768 0.891768
123.607056 124.371780 91.587097 1.000000 0.864768 0.864768
123.246696 123.433975 91.660446 1.000000 0.833166 0.833166
122.950874 122.477623 91.768936 1.000000 0.830837 0.830837
122.731056 121.504875 91.913597 1.000000 0.866736 0.866736
122.609825 120.520302 92.082008 1.000000 0.892560 0.892560
122.594383 119.529022 92.264717 1.000000 0.881090 0.881090
122.596245 118.533348 92.423920 1.000000 0.842980 0.842980
122.546623 117.532242 92.532249 1.000000 0.795720 0.795720
122.456268 116.529343 92.590340 1.000000 0.774255 0.774255
122.374428 115.524117 92.604134 1.000000 0.773457 0.773457
122.340515 114.516022 92.597275 1.000000 0.765061 0.765061
122.346970 113.507019 92.597939 1.000000 0.771349 0.771349
122.365303 112.498215 92.613358 1.000000 0.797171 0.797171
122.398033 111.490257 92.644531 1.000000 0.822228 0.822228
122.486153 110.486511 92.677155 1.000000 0.829291 0.829291
122.654327 109.493439 92.664993 1.000000 0.820521 0.820521
122.864197 108.512100 92.572784 1.000000 0.808172 0.808172
123.062660 107.535591 92.418976 1.000000 0.804877 0.804877
123.247108 106.561279 92.235497 1.000000 0.818484 0.818484
123.468498 105.603523 92.011436 1.000000 0.835820 0.835820
123.700813 104.652977 91.769951 1.000000 0.844254 0.844254
123.937332 103.709854 91.504425 1.000000 0.839831 0.839831
124.171387 102.766930 91.235878 1.000000 0.836791 0.836791
124.420494 101.823807 90.982460 1.000000 0.855204 0.855204
124.688400 100.877159 90.764168 1.000000 0.887830 0.887830
24
123.868073 130.246307 92.014633 1.000000 0.888666 0.888666
123.945892 129.255295 92.171684 1.000000 0.862892 0.862892
123.879936 128.267426 92.352432 1.000000 0.846410 0.846410
123.713310 127.298630 92.573158 1.000000 0.817297 0.817297
123.536552 126.342369 92.837486 1.000000 0.780057 0.780057
123.438026 125.378838 93.111801 1.000000 0.717810 0.717810
123.419678 124.401978 93.360184 1.000000 0.639832 0.639832
123.420555 123.417534 93.579643 1.000000 0.587232 0.587232
123.414955 122.430618 93.788147 1.000000 0.599631 0.599631
123.420006 121.443588 93.995735 1.000000 0.664319 0.664319
123.457741 120.455086 94.192032 1.000000 0.735245 0.735245
123.518044 119.461494 94.354210 1.000000 0.775194 0.775194
123.558014 118.460602 94.471046 1.000000 0.772624 0.772624
123.542953 117.455841 94.556404 1.000000 0.726658 0.726658
123.483948 116.450638 94.619064 1.000000 0.667080 0.667080
123.421722 115.444221 94.650948 1.000000 0.628346 0.628346
123.380997 114.436111 94.651443 1.000000 0.629960 0.629960
123.354797 113.427444 94.637360 1.000000 0.663465 0.663465
123.333168 112.418716 94.639206 1.000000 0.718884 0.718884
123.333488 111.410866 94.679932 1.000000 0.791079 0.791079
123.393051 110.405853 94.731804 1.000000 0.857813 0.857813
123.587135 109.421684 94.626053 1.000000 0.884387 0.884387
123.796066 108.449036 94.469727 1.000000 0.889153 0.889153
124.027184 107.493195 94.248299 1.000000 0.895398 0.895398
21
125.294701 98.914894 89.286110 1.000000 0.874280 0.874280
125.047348 99.858711 89.538818 1.000000 0.855842 0.855842
124.786766 100.800072 89.787453 1.000000 0.830579 0.830579
124.535797 101.738960 90.054131 1.000000 0.796824 0.796824
124.314842 102.682213 90.331955 1.000000 0.774786 0.774786
124.117294 103.631821 90.606514 1.000000 0.778784 0.778784
123.922546 104.585960 90.867241 1.000000 0.786664 0.786664
123.722977 105.545654 91.102753 1.000000 0.781065 0.781065
123.531731 106.514000 91.308487 1.000000 0.763978 0.763978
123.350227 107.488945 91.491684 1.000000 0.757489 0.757489
123.152802 108.464745 91.651367 1.000000 0.770053 0.770053
122.932159 109.442078 91.761147 1.000000 0.789366 0.789366
122.739296 110.430237 91.800629 1.000000 0.812240 0.812240
122.692734 111.438148 91.786324 1.000000 0.815909 0.815909
122.677139 112.446579 91.773529 1.000000 0.799924 0.799924
122.702232 113.455315 91.767578 1.000000 0.782288 0.782288
122.748550 114.463188 91.776093 1.000000 0.784590 0.784590
122.833984 115.467819 91.804138 1.000000 0.787396 0.787396
122.967178 116.467117 91.837952 1.000000 0.789254 0.789254
123.119270 117.464226 91.856659 1.000000 0.815533 0.815533
123.256371 118.463463 91.844391 1.000000 0.869335 0.869335
18
122.554543 112.930252 96.678947 1.000000 0.864391 0.864391
122.574760 113.939079 96.669167 1.000000 0.840654 0.840654
122.617310 114.943474 96.601219 1.000000 0.831629 0.831629
122.714958 115.930367 96.427345 1.000000 0.818691 0.818691
122.862946 116.897530 96.184479 1.000000 0.816600 0.816600
123.005089 117.867332 95.949135 1.000000 0.845877 0.845877
123.064537 118.856804 95.774429 1.000000 0.867092 0.867092
123.031143 119.854904 95.635208 1.000000 0.848535 0.848535
122.962219 120.848129 95.473915 1.000000 0.800320 0.800320
122.916016 121.830910 95.251686 1.000000 0.736962 0.736962
122.869904 122.810562 95.016640 1.000000 0.687340 0.687340
122.812416 123.783302 94.757423 1.000000 0.678752 0.678752
122.741241 124.747627 94.471939 1.000000 0.718212 0.718212
122.705322 125.703453 94.155861 1.000000 0.788990 0.788990
122.776512 126.645844 93.812325 1.000000 0.817643 0.817643
122.929451 127.578568 93.462952 1.000000 0.817451 0.817451
123.035973 128.523361 93.134201 1.000000 0.832908 0.832908
122.984802 129.483017 92.846230 1.000000 0.857614 0.857614
11
123.618439 120.680473 96.423584 1.000000 0.861703 0.861703
123.544853 121.665924 96.223694 1.000000 0.793540 0.793540
123.490005 122.645859 95.991432 1.000000 0.734003 0.734003
123.427452 123.622658 95.748573 1.000000 0.700741 0.700741
123.348351 124.586624 95.463539 1.000000 0.703697 0.703697
123.296371 125.542336 95.149414 1.000000 0.731981 0.731981
123.325172 126.481094 94.787987 1.000000 0.752601 0.752601
123.422325 127.410934 94.412178 1.000000 0.771229 0.771229
123.488235 128.349777 94.055046 1.000000 0.788995 0.788995
123.433083 129.301193 93.735611 1.000000 0.799468 0.799468
123.236786 130.251831 93.473633 1.000000 0.837783 0.837783
12
123.238007 144.536255 91.570404 1.000000 0.897081 0.897081
123.553856 145.489197 91.478020 1.000000 0.887695 0.887695
123.927193 146.415665 91.362709 1.000000 0.878071 0.878071
124.381439 147.299713 91.202950 1.000000 0.859970 0.859970
124.777969 148.198196 90.994438 1.000000 0.864944 0.864944
125.009880 149.137497 90.727814 1.000000 0.863570 0.863570
125.112404 150.081497 90.393906 1.000000 0.869741 0.869741
125.184296 150.991699 89.972221 1.000000 0.879700 0.879700
125.284454 151.837891 89.441811 1.000000 0.884663 0.884663
125.394814 152.602844 88.802750 1.000000 0.884505 0.884505
125.470383 153.282806 88.071472 1.000000 0.882743 0.882743
125.503685 153.879364 87.267967 1.000000 0.884786 0.884786
12
126.294662 148.166794 95.237091 1.000000 0.853327 0.853327
126.485634 149.116791 94.960754 1.000000 0.815778 0.815778
126.632370 150.064087 94.649834 1.000000 0.818219 0.818219
126.737610 151.010635 94.320175 1.000000 0.847533 0.847533
126.762932 151.957764 93.980583 1.000000 0.885104 0.885104
126.597534 152.879883 93.635361 1.000000 0.897076 0.897076
126.213829 153.747025 93.311996 1.000000 0.873195 0.873195
125.714577 154.568146 93.015587 1.000000 0.865915 0.865915
125.173035 155.356079 92.705307 1.000000 0.863545 0.863545
124.591187 156.107285 92.379463 1.000000 0.858882 0.858882
123.967384 156.839874 92.092842 1.000000 0.862372 0.862372
123.323097 157.593613 91.927849 1.000000 0.878855 0.878855
19
123.212090 109.577972 89.375435 1.000000 0.892594 0.892594
123.447853 108.606987 89.243050 1.000000 0.850109 0.850109
123.619362 107.627274 89.080307 1.000000 0.784704 0.784704
123.743561 106.642632 88.900436 1.000000 0.736879 0.736879
123.860588 105.661659 88.697884 1.000000 0.725774 0.725774
123.982140 104.689613 88.459297 1.000000 0.727894 0.727894
124.107185 103.728752 88.181267 1.000000 0.739316 0.739316
124.242287 102.779213 87.871284 1.000000 0.758380 0.758380
124.401474 101.837875 87.548439 1.000000 0.787097 0.787097
124.606918 100.906418 87.224915 1.000000 0.799325 0.799325
124.861664 99.989365 86.895042 1.000000 0.784319 0.784319
125.122803 99.079483 86.550697 1.000000 0.765244 0.765244
125.344566 98.162849 86.197319 1.000000 0.744629 0.744629
125.519928 97.234123 85.848351 1.000000 0.725872 0.725872
125.686890 96.293053 85.528275 1.000000 0.727931 0.727931
125.879189 95.351906 85.224449 1.000000 0.737399 0.737399
126.117462 94.413956 84.943535 1.000000 0.766947 0.766947
126.361572 93.480255 84.653793 1.000000 0.826495 0.826495
126.559998 92.546326 84.333282 1.000000 0.878888 0.878888
33
126.476929 142.032227 92.828201 1.000000 0.878858 0.878858
126.495758 141.023682 92.805252 1.000000 0.818655 0.818655
126.488716 140.014877 92.783531 1.000000 0.755425 0.755425
126.461617 139.007004 92.747078 1.000000 0.716291 0.716291
126.405624 138.001358 92.689110 1.000000 0.705321 0.705321
126.331444 136.996384 92.641167 1.000000 0.686658 0.686658
126.270142 135.989563 92.634583 1.000000 0.661686 0.661686
126.219978 134.982193 92.662971 1.000000 0.645594 0.645594
126.149452 133.976715 92.706505 1.000000 0.669173 0.669173
126.026131 132.977264 92.758240 1.000000 0.732556 0.732556
125.868347 131.983261 92.826569 1.000000 0.774155 0.774155
125.750900 130.987640 92.928192 1.000000 0.764623 0.764623
125.696449 129.989777 93.064720 1.000000 0.721676 0.721676
125.659744 128.994156 93.223198 1.000000 0.700968 0.700968
125.625938 128.001602 93.400131 1.000000 0.700182 0.700182
125.605751 127.012779 93.598076 1.000000 0.680379 0.680379
125.603104 126.025818 93.806259 1.000000 0.631884 0.631884
125.601189 125.035378 93.996750 1.000000 0.564113 0.564113
125.577324 124.040161 94.159393 1.000000 0.516528 0.516528
125.535606 123.045128 94.320236 1.000000 0.522289 0.522289
125.500504 122.055283 94.510162 1.000000 0.573672 0.573672
125.491249 121.070198 94.726196 1.000000 0.658332 0.658332
125.523399 120.082687 94.926643 1.000000 0.737982 0.737982
125.606956 119.087967 95.064766 1.000000 0.781711 0.781711
125.721657 118.088661 95.140129 1.000000 0.775423 0.775423
125.841194 117.087746 95.182373 1.000000 0.746484 0.746484
125.958481 116.085884 95.191284 1.000000 0.718050 0.718050
126.072639 115.084198 95.156769 1.000000 0.722030 0.722030
126.190468 114.083778 95.099937 1.000000 0.754720 0.754720
126.333916 113.086494 95.054909 1.000000 0.796284 0.796284
126.553322 112.102089 95.038918 1.000000 0.827450 0.827450
126.762077 111.115654 95.012741 1.000000 0.849928 0.849928
126.916023 110.120712 94.966782 1.000000 0.879634 0.879634
21
125.305138 123.572884 98.336067 1.000000 0.898584 0.898584
125.524681 124.516609 98.059998 1.000000 0.854241 0.854241
125.792007 125.437988 97.753479 1.000000 0.797864 0.797864
126.060318 126.345406 97.408508 1.000000 0.730252 0.730252
126.286461 127.255943 97.042648 1.000000 0.693574 0.693574
126.446671 128.183136 96.684402 1.000000 0.686133 0.686133
126.528839 129.130615 96.353279 1.000000 0.678216 0.678216
126.534149 130.088547 96.040924 1.000000 0.677495 0.677495
126.481216 131.046555 95.731934 1.000000 0.690260 0.690260
126.395744 132.006271 95.435379 1.000000 0.692170 0.692170
126.302750 132.978119 95.185226 1.000000 0.663973 0.663973
126.218239 133.967438 95.013245 1.000000 0.634156 0.634156
126.141655 134.968292 94.915344 1.000000 0.623546 0.623546
126.075569 135.973557 94.860435 1.000000 0.626183 0.626183
126.042847 136.981049 94.822464 1.000000 0.657945 0.657945
126.054817 137.988708 94.775391 1.000000 0.663757 0.663757
126.082832 138.994217 94.698090 1.000000 0.669269 0.669269
126.095726 139.997757 94.595032 1.000000 0.707127 0.707127
126.068542 141.000748 94.492142 1.000000 0.768640 0.768640
125.963821 141.998840 94.400551 1.000000 0.831646 0.831646
125.735054 142.970978 94.283218 1.000000 0.875370 0.875370
23
125.451180 138.786118 98.367371 1.000000 0.891221 0.891221
125.769958 139.589401 97.852837 1.000000 0.856249 0.856249
126.054886 140.432571 97.388626 1.000000 0.832739 0.832739
126.297661 141.323990 96.988762 1.000000 0.842907 0.842907
126.535202 142.220551 96.596291 1.000000 0.873259 0.873259
126.752571 143.114197 96.186478 1.000000 0.888716 0.888716
126.862427 144.024475 95.776726 1.000000 0.875080 0.875080
126.830612 144.947418 95.376572 1.000000 0.857300 0.857300
126.766350 145.881042 95.003944 1.000000 0.849389 0.849389
126.770355 146.833344 94.677208 1.000000 0.820505 0.820505
126.836739 147.794525 94.380753 1.000000 0.766578 0.766578
126.922073 148.752609 94.078842 1.000000 0.731932 0.731932
127.002762 149.702164 93.750557 1.000000 0.741740 0.741740
127.074486 150.644180 93.399345 1.000000 0.776269 0.776269
127.111816 151.578857 93.025757 1.000000 0.813326 0.813326
127.047112 152.485428 92.599861 1.000000 0.833768 0.833768
126.852730 153.328613 92.092751 1.000000 0.816989 0.816989
126.589462 154.095886 91.501472 1.000000 0.787025 0.787025
126.313278 154.795395 90.837074 1.000000 0.760781 0.760781
126.033752 155.432220 90.114525 1.000000 0.759300 0.759300
125.756775 156.017197 89.348610 1.000000 0.785478 0.785478
125.503036 156.583084 88.560677 1.000000 0.833445 0.833445
125.301987 157.187714 87.787666 1.000000 0.894746 0.894746
15
124.419075 145.028839 93.590424 1.000000 0.890536 0.890536
124.669243 145.985153 93.417923 1.000000 0.866578 0.866578
125.025345 146.906876 93.221558 1.000000 0.843921 0.843921
125.337921 147.834198 92.988297 1.000000 0.801251 0.801251
125.513626 148.781387 92.691475 1.000000 0.744523 0.744523
125.671921 149.725784 92.377602 1.000000 0.730406 0.730406
125.801033 150.660431 92.024307 1.000000 0.760514 0.760514
125.878944 151.573715 91.610023 1.000000 0.795948 0.795948
125.864868 152.434738 91.096596 1.000000 0.808767 0.808767
125.783104 153.203339 90.459671 1.000000 0.797098 0.797098
125.682838 153.870865 89.719101 1.000000 0.778605 0.778605
125.577957 154.455246 88.911880 1.000000 0.773836 0.773836
125.468582 154.973999 88.061821 1.000000 0.789283 0.789283
125.375786 155.442886 87.181694 1.000000 0.833319 0.833319
125.336311 155.876556 86.280449 1.000000 0.890767 0.890767
11
124.547050 147.150543 89.476868 1.000000 0.880540 0.880540
125.300125 147.814377 89.498016 1.000000 0.881416 0.881416
126.032249 148.501083 89.510216 1.000000 0.890065 0.890065
126.686798 149.258942 89.475754 1.000000 0.878371 0.878371
127.213348 150.105743 89.371803 1.000000 0.842765 0.842765
127.591721 151.019440 89.197289 1.000000 0.844553 0.844553
127.753922 151.938324 88.862549 1.000000 0.877074 0.877074
127.651695 152.725494 88.278740 1.000000 0.846087 0.846087
127.415794 153.343140 87.528984 1.000000 0.830164 0.830164
127.172638 153.844299 86.698029 1.000000 0.854683 0.854683
126.972984 154.231415 85.799873 1.000000 0.895981 0.895981
26
124.127060 133.131912 93.145645 1.000000 0.872039 0.872039
124.342148 134.113556 93.143250 1.000000 0.829985 0.829985
124.395226 135.117447 93.179771 1.000000 0.807447 0.807447
124.359200 136.124191 93.236473 1.000000 0.806788 0.806788
124.356949 137.131256 93.258377 1.000000 0.824659 0.824659
124.448723 138.134521 93.227882 1.000000 0.828312 0.828312
124.569496 139.135635 93.202957 1.000000 0.820644 0.820644
124.595978 140.140076 93.233932 1.000000 0.832415 0.832415
124.459160 141.132278 93.316055 1.000000 0.853725 0.853725
124.207878 142.105560 93.388489 1.000000 0.884178 0.884178
124.012238 143.090698 93.383667 1.000000 0.896711 0.896711
123.981651 144.091965 93.294769 1.000000 0.883153 0.883153
124.094421 145.083633 93.163078 1.000000 0.868396 0.868396
124.348625 146.041763 93.002098 1.000000 0.850525 0.850525
124.711418 146.961472 92.810539 1.000000 0.830467 0.830467
125.051361 147.880325 92.582085 1.000000 0.803458 0.803458
125.286568 148.819550 92.307480 1.000000 0.761885 0.761885
125.447441 149.762482 91.991158 1.000000 0.754892 0.754892
125.560661 150.682846 91.596992 1.000000 0.782475 0.782475
125.646187 151.583801 91.158318 1.000000 0.809695 0.809695
125.665176 152.423706 90.611099 1.000000 0.820889 0.820889
125.633087 153.168076 89.941864 1.000000 0.810958 0.810958
125.579224 153.813660 89.177567 1.000000 0.798296 0.798296
125.511795 154.378296 88.352722 1.000000 0.796651 0.796651
125.441452 154.877762 87.487350 1.000000 0.819412 0.819412
125.398544 155.321457 86.591019 1.000000 0.865311 0.865311
39
124.469994 120.696129 96.953773 1.000000 0.884264 0.884264
124.415436 121.672554 96.710274 1.000000 0.805464 0.805464
124.398018 122.647987 96.455055 1.000000 0.742485 0.742485
124.385895 123.629700 96.224297 1.000000 0.701218 0.701218
124.377892 124.610275 95.989044 1.000000 0.676866 0.676866
124.401863 125.574760 95.699448 1.000000 0.661369 0.661369
124.475555 126.518333 95.354080 1.000000 0.673480 0.673480
124.568657 127.455345 94.994774 1.000000 0.698406 0.698406
124.622032 128.404037 94.660576 1.000000 0.720856 0.720856
124.592346 129.366928 94.367699 1.000000 0.733769 0.733769
124.477791 130.335510 94.115242 1.000000 0.754826 0.754826
124.336281 131.311172 93.904289 1.000000 0.823546 0.823546
124.333710 132.299347 93.765419 1.000000 0.867155 0.867155
124.502815 133.291397 93.710083 1.000000 0.831995 0.831995
124.621498 134.290787 93.707314 1.000000 0.785278 0.785278
124.621765 135.297897 93.742249 1.000000 0.764970 0.764970
124.574104 136.304489 93.794273 1.000000 0.769402 0.769402
124.575798 137.311661 93.811615 1.000000 0.792688 0.792688
124.659454 138.315918 93.776253 1.000000 0.798401 0.798401
124.744171 139.320129 93.738556 1.000000 0.796046 0.796046
124.718002 140.324799 93.752396 1.000000 0.816109 0.816109
124.529846 141.309998 93.814873 1.000000 0.836930 0.836930
124.237442 142.273254 93.859886 1.000000 0.867358 0.867358
124.004730 143.249893 93.826965 1.000000 0.884740 0.884740
123.941872 144.247665 93.720482 1.000000 0.879169 0.879169
124.037354 145.239182 93.578476 1.000000 0.866433 0.866433
124.282280 146.198776 93.410637 1.000000 0.847750 0.847750
124.631432 147.123535 93.216843 1.000000 0.831149 0.831149
124.959686 148.047028 92.988350 1.000000 0.800669 0.800669
125.198326 148.986008 92.714417 1.000000 0.754354 0.754354
125.376213 149.926559 92.399849 1.000000 0.746484 0.746484
125.520821 150.855103 92.037560 1.000000 0.776424 0.776424
125.610794 151.757065 91.602577 1.000000 0.807043 0.807043
125.613495 152.601715 91.061852 1.000000 0.816036 0.816036
125.553383 153.351913 90.400444 1.000000 0.803175 0.803175
125.473015 154.002701 89.642639 1.000000 0.785908 0.785908
125.383858 154.539490 88.800575 1.000000 0.783976 0.783976
125.290443 155.049774 87.943474 1.000000 0.800877 0.800877
125.214554 155.516251 87.060417 1.000000 0.846869 0.846869
30
127.688240 131.979446 98.282616 1.000000 0.895752 0.895752
127.747025 132.827988 97.746178 1.000000 0.853267 0.853267
127.770142 133.717072 97.276215 1.000000 0.824868 0.824868
127.754448 134.650650 96.904259 1.000000 0.808786 0.808786
127.684547 135.622208 96.654472 1.000000 0.820929 0.820929
127.552658 136.610733 96.515678 1.000000 0.852483 0.852483
127.402374 137.605331 96.440300 1.000000 0.864451 0.864451
127.334702 138.604355 96.338928 1.000000 0.824156 0.824156
127.370628 139.597336 96.170067 1.000000 0.764469 0.764469
127.461449 140.580490 95.964828 1.000000 0.752131 0.752131
127.585587 141.557755 95.749153 1.000000 0.779101 0.779101
127.720665 142.533371 95.532341 1.000000 0.794539 0.794539
127.826645 143.508545 95.300095 1.000000 0.782349 0.782349
127.875351 144.477692 95.028999 1.000000 0.747639 0.747639
127.880646 145.439026 94.725327 1.000000 0.695810 0.695810
127.884117 146.398438 94.415520 1.000000 0.653956 0.653956
127.908409 147.359879 94.112984 1.000000 0.645030 0.645030
127.947273 148.319916 93.807503 1.000000 0.667414 0.667414
127.984581 149.271515 93.477348 1.000000 0.711318 0.711318
128.023315 150.212006 93.117233 1.000000 0.764154 0.764154
128.071747 151.141373 92.730965 1.000000 0.795254 0.795254
128.088821 152.046783 92.293022 1.000000 0.816694 0.816694
127.998077 152.893158 91.765167 1.000000 0.812032 0.812032
127.786026 153.655731 91.149666 1.000000 0.776442 0.776442
127.516815 154.346100 90.472984 1.000000 0.751666 0.751666
127.238953 154.980042 89.747177 1.000000 0.754041 0.754041
126.968399 155.554153 88.971741 1.000000 0.774601 0.774601
126.716255 156.063446 88.147148 1.000000 0.806528 0.806528
126.518257 156.519592 87.278946 1.000000 0.849828 0.849828
126.478569 156.910324 86.357819 1.000000 0.885858 0.885858
16
126.579720 139.439133 98.097977 1.000000 0.871820 0.871820
126.938484 140.304794 97.731972 1.000000 0.857959 0.857959
127.292076 141.185165 97.394753 1.000000 0.861583 0.861583
127.678276 142.049454 97.052841 1.000000 0.860268 0.860268
128.072662 142.915878 96.725754 1.000000 0.839007 0.839007
128.426834 143.811234 96.432274 1.000000 0.795186 0.795186
128.709045 144.738754 96.160980 1.000000 0.728535 0.728535
128.914886 145.690964 95.904335 1.000000 0.651681 0.651681
129.059875 146.658310 95.660858 1.000000 0.627364 0.627364
129.123215 147.628754 95.394073 1.000000 0.663161 0.663161
129.161362 148.589523 95.093689 1.000000 0.711616 0.711616
129.159760 149.527924 94.727905 1.000000 0.778332 0.778332
129.151260 150.444427 94.310234 1.000000 0.848073 0.848073
129.184341 151.344345 93.860428 1.000000 0.870009 0.870009
129.277649 152.228180 93.387863 1.000000 0.879805 0.879805
129.417618 153.095673 92.897057 1.000000 0.891504 0.891504
44
127.101624 125.402756 98.495346 1.000000 0.887753 0.887753
127.470032 126.277054 98.165428 1.000000 0.883055 0.883055
127.725952 127.178566 97.800468 1.000000 0.880123 0.880123
127.889267 128.108765 97.451088 1.000000 0.846758 0.846758
127.995415 129.053543 97.116882 1.000000 0.805956 0.805956
128.066849 129.997833 96.772041 1.000000 0.765243 0.765243
128.126282 130.927963 96.389679 1.000000 0.729422 0.729422
128.194519 131.836700 95.960968 1.000000 0.695273 0.695273
128.269821 132.734406 95.510475 1.000000 0.658138 0.658138
128.333954 133.643463 95.082008 1.000000 0.620364 0.620364
128.369888 134.578918 94.711006 1.000000 0.585502 0.585502
128.365845 135.538895 94.405411 1.000000 0.594724 0.594724
128.309937 136.514786 94.160912 1.000000 0.638367 0.638367
128.205261 137.500443 93.977501 1.000000 0.658110 0.658110
128.086456 138.492767 93.841148 1.000000 0.622601 0.622601
127.999939 139.490479 93.721756 1.000000 0.590076 0.590076
127.966370 140.492096 93.607903 1.000000 0.625386 0.625386
127.976372 141.496460 93.514191 1.000000 0.691490 0.691490
128.005829 142.502655 93.444687 1.000000 0.731701 0.731701
128.026886 143.508469 93.368637 1.000000 0.745538 0.745538
128.031265 144.508972 93.242546 1.000000 0.735807 0.735807
128.048111 145.499451 93.055046 1.000000 0.709940 0.709940
128.113480 146.480301 92.831512 1.000000 0.689499 0.689499
128.232986 147.454498 92.601021 1.000000 0.690914 0.690914
128.398849 148.419418 92.359848 1.000000 0.710322 0.710322
128.561920 149.382141 92.108597 1.000000 0.742323 0.742323
128.728348 150.340485 91.843346 1.000000 0.778377 0.778377
128.902313 151.291214 91.557350 1.000000 0.803288 0.803288
129.041733 152.221191 91.201675 1.000000 0.830601 0.830601
129.055634 153.099838 90.722672 1.000000 0.833566 0.833566
128.899445 153.877411 90.113609 1.000000 0.803853 0.803853
128.651520 154.545502 89.409035 1.000000 0.781203 0.781203
128.406509 155.125717 88.630447 1.000000 0.780852 0.780852
128.203796 155.619400 87.784271 1.000000 0.781859 0.781859
128.048798 156.015900 86.879921 1.000000 0.770729 0.770729
127.939255 156.310211 85.931404 1.000000 0.753124 0.753124
127.870346 156.508698 84.954597 1.000000 0.742094 0.742094
127.829521 156.616882 83.962227 1.000000 0.743076 0.743076
127.802681 156.625565 82.963997 1.000000 0.760119 0.760119
127.785667 156.509720 81.973068 1.000000 0.785685 0.785685
127.789337 156.234131 81.015205 1.000000 0.808840 0.808840
127.831017 155.786880 80.124496 1.000000 0.814552 0.814552
127.911133 155.209152 79.311058 1.000000 0.830563 0.830563
128.021179 154.556152 78.557678 1.000000 0.866375 0.866375
27
128.051346 128.679993 97.837975 1.000000 0.891595 0.891595
128.178741 129.616745 97.489304 1.000000 0.853546 0.853546
128.283203 130.540665 97.101990 1.000000 0.813823 0.813823
128.387436 131.439102 96.659790 1.000000 0.769075 0.769075
128.498444 132.316467 96.178543 1.000000 0.722172 0.722172
128.599731 133.196365 95.699982 1.000000 0.679886 0.679886
128.670547 134.102371 95.267311 1.000000 0.640600 0.640600
128.693893 135.040604 94.903084 1.000000 0.621765 0.621765
128.656372 136.002304 94.606209 1.000000 0.637754 0.637754
128.559250 136.977005 94.369545 1.000000 0.666727 0.666727
128.432755 137.959656 94.181442 1.000000 0.663191 0.663191
128.326065 138.949310 94.019547 1.000000 0.613852 0.613852
128.271484 139.945084 93.869919 1.000000 0.585551 0.585551
128.267288 140.945267 93.739655 1.000000 0.631906 0.631906
128.292633 141.948761 93.638847 1.000000 0.689760 0.689760
128.323563 142.953735 93.553780 1.000000 0.717783 0.717783
128.343887 143.956512 93.446098 1.000000 0.717910 0.717910
128.362000 144.952103 93.286636 1.000000 0.694859 0.694859
128.408661 145.938187 93.081367 1.000000 0.667539 0.667539
128.505188 146.916687 92.858528 1.000000 0.669238 0.669238
128.647690 147.888840 92.632240 1.000000 0.696269 0.696269
128.812119 148.855011 92.395210 1.000000 0.733637 0.733637
128.982498 149.817322 92.146988 1.000000 0.776546 0.776546
129.174210 150.774780 91.896843 1.000000 0.805209 0.805209
129.418762 151.713058 91.621719 1.000000 0.827824 0.827824
129.655319 152.640640 91.309341 1.000000 0.851955 0.851955
129.881943 153.550552 90.941772 1.000000 0.880110 0.880110